24.75	93.15	22.04
22.35	94.45	22.08
23.95	93.99	22.06
24.87	92.94	22.04
25.27	91.50	22.02
25.31	89.87	22.00
25.12	88.27	21.98
24.88	86.89	21.96
24.72	85.93	21.92
24.99	85.74	21.84
25.60	86.34	21.75
26.32	87.67	21.69
26.88	90.07	21.77
27.46	92.95	21.88
28.19	95.90	22.00
29.21	98.55	22.06
30.17	100.74	22.11
30.84	102.02	22.13
31.07	102.19	22.12
30.98	101.78	22.12
30.38	101.04	22.11
29.46	100.08	22.12
28.54	98.93	22.13
28.21	97.79	22.15
28.14	96.58	22.16
28.09	95.22	22.15
27.65	93.50	22.10
27.13	91.71	22.03
26.64	90.01	21.95
26.25	88.54	21.85
26.05	87.41	21.75
26.18	86.76	21.66
26.72	86.70	21.58
27.35	87.31	21.54
27.73	88.98	21.62
27.95	91.45	21.78
28.24	94.25	21.95
29.01	97.08	22.02
29.88	99.64	22.04
30.64	101.61	22.05
30.89	102.25	22.05
30.97	102.22	22.04
31.01	101.69	22.03
31.17	100.84	22.03
31.19	99.73	22.04
30.89	98.50	22.04
30.18	97.28	22.04
29.29	95.93	22.04
28.29	94.39	22.05
27.28	92.68	22.04
26.48	90.94	22.03
26.31	89.14	21.96
26.56	87.48	21.87
26.92	86.21	21.76
26.80	85.67	21.64
26.70	85.80	21.55
27.04	86.60	21.52
28.62	88.29	21.65
30.34	90.45	21.81
31.51	92.96	21.95
31.55	95.65	22.01
31.36	98.11	22.05
31.57	99.83	22.06
32.26	100.61	22.07
32.67	100.78	22.06
31.93	100.33	22.08
30.29	99.37	22.11
28.61	98.10	22.13
27.96	96.75	22.12
27.90	95.32	22.09
27.95	93.80	22.06
27.50	92.16	22.09
26.90	90.53	22.11
26.31	89.03	22.11
25.97	87.78	21.97
25.68	86.79	21.81
25.32	86.06	21.66
24.76	85.58	21.59
24.33	85.66	21.56
24.35	86.73	21.62
24.90	88.87	21.74
25.67	91.48	21.88
26.45	94.34	21.97
27.23	97.12	22.01
28.05	99.50	22.04
29.12	100.71	22.05
30.10	101.10	22.05
30.74	100.90	22.06
30.23	100.21	22.09
29.34	99.18	22.12
28.40	97.93	22.14
28.08	96.76	22.14
27.87	95.46	22.12
27.63	93.95	22.08
27.22	92.10	22.02
26.74	90.20	21.95
26.12	88.38	21.89
25.31	86.79	21.86
24.65	85.47	21.83
24.50	84.50	21.76
24.98	83.98	21.66
25.69	84.04	21.59
26.36	85.08	21.67
26.98	86.91	21.85
27.65	89.17	22.04
28.56	91.74	22.10
29.46	94.25	22.11
30.12	96.34	22.09
30.05	97.14	22.11
29.65	97.26	22.12
29.06	96.87	22.14
28.43	96.12	22.14
27.78	95.10	22.15
27.19	93.95	22.15
26.82	92.91	22.16
26.46	91.72	22.16
25.95	90.24	22.15
25.09	88.32	22.11
24.40	86.34	22.06
24.36	84.50	22.02
25.19	82.97	21.98
26.08	81.75	21.95
26.33	80.91	21.93
25.90	80.55	21.92
25.43	80.81	21.93
25.36	82.12	21.96
25.68	84.17	22.01
26.36	86.58	22.05
27.88	89.21	22.04
29.54	91.67	22.03
30.87	93.62	22.02
30.88	94.26	22.09
30.50	94.27	22.16
30.02	93.81	22.21
29.91	93.08	22.18
29.75	92.09	22.14
29.41	90.98	22.13
28.77	89.87	22.18
28.05	88.66	22.24
27.34	87.27	22.27
26.74	85.70	22.24
26.21	84.10	22.20
25.82	82.51	22.15
25.57	81.03	22.12
25.42	79.83	22.08
25.27	79.03	22.04
25.21	78.77	22.01
25.37	79.22	21.99
26.07	80.97	22.01
26.98	83.38	22.04
27.92	86.15	22.08
28.59	89.03	22.11
29.19	91.63	22.14
29.84	93.40	22.18
30.62	93.87	22.23
31.13	93.72	22.27
30.92	93.25	22.30
29.91	92.62	22.31
28.72	91.77	22.30
27.89	90.83	22.30
27.42	89.78	22.31
27.05	88.55	22.29
26.72	86.95	22.24
26.37	85.20	22.17
25.94	83.52	22.10
25.17	82.16	22.07
24.38	81.08	22.05
23.75	80.31	22.05
23.52	79.79	22.05
23.52	79.82	22.05
23.70	80.78	22.06
24.04	82.79	22.08
24.60	85.30	22.09
25.59	88.12	22.09
26.80	90.94	22.09
27.82	93.38	22.10
27.90	94.64	22.15
27.50	95.09	22.22
26.97	94.97	22.28
26.87	94.44	22.28
26.81	93.59	22.27
26.68	92.57	22.25
26.26	91.64	22.25
25.84	90.58	22.25
25.63	89.30	22.23
25.78	87.72	22.19
25.92	86.09	22.15
25.73	84.50	22.12
25.17	83.05	22.10
24.64	81.85	22.09
24.54	80.98	22.06
24.78	80.59	22.04
25.10	80.86	22.03
25.16	82.35	22.07
25.29	84.51	22.13
25.72	87.07	22.16
26.82	89.82	22.15
28.01	92.44	22.12
28.95	94.52	22.12
29.45	95.80	22.15
29.61	96.43	22.20
29.28	96.21	22.26
28.55	95.30	22.33
27.62	94.10	22.37
26.68	93.15	22.33
25.79	92.25	22.26
25.04	91.24	22.18
24.78	89.90	22.17
24.64	88.44	22.16
24.42	86.94	22.16
23.75	85.47	22.13
23.17	84.15	22.09
23.01	83.03	22.01
23.45	82.22	21.87
24.11	82.02	21.76
24.71	82.93	21.72
25.27	84.78	21.75
25.86	87.19	21.83
26.51	90.10	21.94
27.16	93.06	22.06
27.77	95.65	22.15
28.28	97.34	22.15
28.71	98.40	22.13
29.07	98.64	22.11
29.34	98.06	22.13
29.38	97.09	22.14
28.87	96.11	22.15
27.93	95.20	22.14
26.99	94.16	22.13
26.56	92.90	22.14
26.47	91.50	22.15
26.50	90.01	22.14
26.55	88.45	22.07
26.58	86.93	21.99
26.44	85.52	21.90
25.95	84.21	21.83
25.52	83.40	21.77
25.40	83.50	21.76
25.69	84.64	21.78
26.23	86.49	21.84
26.93	89.15	21.94
27.79	92.21	22.06
28.85	95.25	22.15
30.44	97.74	22.15
31.86	99.66	22.12
32.54	100.69	22.09
31.93	100.48	22.05
30.95	99.70	22.03
30.18	98.71	22.04
29.79	97.72	22.07
29.46	96.59	22.11
29.01	95.41	22.13
28.49	94.18	22.12
27.96	92.85	22.11
27.42	91.33	22.10
26.95	89.77	22.09
26.64	88.25	22.07
26.62	86.74	22.04
26.79	85.58	22.00
27.14	85.03	21.97
27.65	85.33	21.94
28.15	86.34	21.93
28.29	88.32	21.94
28.18	91.05	21.97
28.26	93.99	22.01
29.40	96.73	22.06
30.87	99.06	22.11
32.09	100.79	22.16
31.93	101.15	22.19
31.29	100.89	22.21
30.42	100.26	22.21
29.65	99.64	22.21
28.79	98.82	22.20
27.80	97.86	22.18
26.65	96.80	22.15
25.59	95.54	22.12
24.89	93.91	22.10
24.58	91.95	22.08
24.37	90.02	22.06
23.94	88.36	22.01
23.37	87.10	21.93
22.88	86.28	21.86
22.57	86.02	21.79
22.56	86.41	21.74
23.01	87.54	21.74
24.53	90.08	21.88
26.32	93.06	22.03
28.02	96.05	22.15
29.18	98.52	22.15
29.95	100.52	22.12
30.12	101.76	22.11
29.59	102.04	22.12
28.82	101.77	22.14
28.16	101.14	22.15
27.76	100.26	22.13
27.47	99.15	22.12
27.42	97.89	22.13
27.50	96.52	22.14
27.47	95.03	22.15
26.87	93.33	22.14
25.97	91.57	22.11
25.10	89.89	22.07
24.71	88.40	22.02
24.61	87.22	21.96
24.67	86.48	21.90
24.70	86.34	21.79
24.89	86.86	21.70
25.36	88.23	21.69
26.22	90.78	21.82
27.22	93.70	21.98
28.25	96.58	22.10
29.20	99.08	22.13
30.03	101.10	22.14
30.68	102.12	22.15
31.06	102.22	22.17
31.10	101.77	22.19
30.33	100.99	22.17
29.15	99.95	22.15
28.04	98.75	22.13
27.86	97.65	22.13
28.05	96.50	22.14
28.29	95.22	22.15
27.97	93.58	22.15
27.56	91.86	22.15
27.20	90.19	22.14
27.05	88.63	22.10
27.02	87.39	22.06
27.14	86.68	22.01
27.42	86.65	21.98
27.78	87.30	21.96
28.11	88.95	21.98
28.44	91.41	22.05
28.88	94.20	22.11
29.78	96.98	22.14
30.76	99.50	22.15
31.47	101.50	22.15
31.00	102.26	22.18
30.21	102.30	22.22
29.56	101.82	22.24
29.94	101.01	22.22
30.42	99.90	22.19
30.61	98.60	22.17
30.02	97.26	22.20
29.26	95.82	22.23
28.57	94.29	22.24
28.17	92.69	22.22
27.83	91.11	22.19
27.41	89.53	22.18
26.93	88.03	22.19
26.62	86.86	22.19
26.75	86.17	22.13
27.27	86.11	22.03
27.96	86.78	21.95
28.71	88.75	21.97
29.46	91.43	22.04
30.18	94.32	22.11
30.75	96.91	22.11
31.23	99.15	22.11
31.64	100.70	22.12
32.00	101.17	22.17
32.16	101.04	22.24
31.94	100.48	22.33
31.24	99.66	22.44
30.38	98.57	22.52
29.64	97.32	22.51
29.07	95.98	22.41
28.57	94.50	22.30
28.11	92.86	22.23
27.69	91.12	22.21
27.31	89.45	22.20
26.92	87.89	22.18
26.61	86.59	22.15
26.42	85.68	22.13
26.50	85.29	22.13
26.75	85.55	22.14
27.13	86.67	22.14
27.62	89.04	22.13
28.20	91.85	22.11
28.93	94.70	22.11
29.78	97.24	22.13
30.36	99.35	22.16
30.01	100.54	22.22
28.94	100.86	22.29
27.77	100.60	22.35
27.30	99.87	22.37
27.22	98.80	22.35
27.11	97.52	22.32
26.36	96.30	22.29
25.39	95.04	22.26
24.48	93.68	22.22
24.11	92.06	22.16
23.89	90.45	22.10
23.67	88.96	22.06
23.25	87.73	22.05
22.91	86.83	22.04
22.84	86.40	22.00
23.11	86.53	21.93
23.59	87.25	21.87
24.24	88.79	21.91
25.00	91.00	22.00
25.76	93.59	22.10
26.34	96.60	22.12
26.79	99.51	22.11
27.11	101.87	22.09
27.29	102.50	22.13
27.35	102.38	22.17
27.28	101.80	22.21
27.06	101.15	22.21
26.79	100.23	22.20
26.60	99.09	22.18
26.57	97.75	22.16
26.48	96.24	22.15
26.08	94.57	22.13
25.30	92.77	22.13
24.57	90.99	22.11
24.30	89.32	22.07
24.47	87.87	21.99
24.80	86.75	21.90
25.00	86.05	21.74
25.23	85.92	21.58
25.70	86.51	21.50
26.85	88.42	21.67
28.16	90.95	21.90
29.34	93.79	22.11
30.04	96.64	22.16
30.52	99.23	22.18
30.80	101.07	22.18
30.90	101.93	22.18
30.78	102.17	22.17
30.32	101.84	22.15
29.59	101.07	22.13
28.90	100.03	22.11
28.66	99.03	22.11
28.74	98.03	22.10
28.86	96.86	22.11
28.73	95.32	22.12
28.45	93.60	22.13
28.10	91.87	22.12
27.71	90.28	22.07
27.33	88.92	21.99
27.01	87.93	21.90
26.75	87.42	21.77
26.72	87.51	21.67
27.12	88.48	21.67
28.20	90.58	21.85
29.37	93.17	22.04
30.14	95.99	22.16
30.38	98.77	22.17
30.54	101.19	22.14
31.02	102.61	22.12
31.71	103.09	22.10
32.22	102.96	22.09
32.10	102.27	22.09
31.54	101.22	22.09
30.77	99.96	22.10
29.94	98.93	22.11
29.12	97.88	22.11
28.36	96.69	22.11
27.86	95.02	22.12
27.49	93.20	22.12
27.24	91.40	22.09
27.07	89.73	21.99
26.97	88.33	21.89
26.89	87.33	21.79
26.75	86.85	21.72
26.72	87.01	21.69
26.98	88.13	21.75
27.58	90.28	21.91
28.30	92.86	22.07
29.06	95.63	22.16
29.76	98.29	22.17
30.34	100.53	22.15
30.64	101.60	22.12
30.69	101.84	22.09
30.51	101.55	22.06
30.00	100.94	22.08
29.33	100.05	22.11
28.63	98.96	22.13
27.93	97.88	22.09
27.44	96.67	22.03
27.33	95.29	21.99
28.29	93.61	22.01
29.28	91.87	22.04
29.71	90.16	22.05
28.77	88.55	22.02
27.61	87.24	21.97
26.76	86.42	21.90
26.60	86.24	21.80
26.74	86.70	21.73
27.17	88.10	21.77
27.80	90.30	21.91
28.51	92.88	22.05
29.10	95.65	22.10
29.62	98.29	22.10
30.12	100.47	22.08
30.80	101.36	22.10
31.37	101.50	22.13
31.66	101.10	22.15
31.17	100.31	22.13
30.42	99.24	22.09
29.59	98.02	22.07
28.99	96.91	22.08
28.45	95.69	22.10
27.96	94.27	22.12
27.55	92.53	22.13
27.17	90.76	22.12
26.74	89.10	22.07
26.23	87.66	21.98
25.85	86.56	21.88
25.87	85.90	21.78
26.28	85.80	21.69
26.87	86.35	21.64
27.46	87.97	21.74
28.07	90.33	21.91
28.76	92.99	22.09
29.70	95.65	22.14
30.62	98.03	22.13
31.33	99.86	22.11
31.36	100.34	22.12
31.14	100.19	22.12
30.79	99.60	22.14
30.56	98.84	22.15
30.25	97.87	22.17
29.76	96.78	22.18
28.92	95.71	22.17
28.13	94.49	22.17
27.71	93.01	22.15
27.96	91.16	22.15
28.24	89.28	22.13
27.98	87.51	22.12
26.97	86.01	22.11
26.03	84.89	22.09
25.87	84.30	22.08
26.49	84.35	22.06
27.29	85.02	22.05
27.76	86.64	22.06
28.05	88.90	22.07
28.39	91.41	22.08
29.10	93.94	22.10
29.90	96.20	22.13
30.65	97.91	22.14
31.23	98.31	22.15
31.55	98.08	22.16
31.50	97.44	22.18
30.70	96.66	22.22
29.72	95.65	22.26
28.86	94.46	22.29
28.50	93.16	22.28
28.28	91.73	22.26
28.14	90.16	22.23
28.03	88.45	22.19
27.87	86.74	22.14
27.49	85.04	22.09
26.86	83.45	22.06
26.33	82.24	22.03
26.23	81.74	22.02
26.52	81.98	22.02
27.00	82.87	22.03
27.45	84.67	22.03
27.96	86.97	22.03
28.58	89.44	22.06
29.65	91.76	22.17
30.63	93.76	22.29
31.23	95.21	22.41
30.77	95.53	22.48
29.96	95.30	22.53
29.02	94.65	22.53
28.26	93.80	22.47
27.54	92.70	22.39
26.91	91.41	22.35
26.43	89.99	22.37
26.03	88.45	22.39
25.69	86.80	22.36
25.39	85.09	22.26
25.12	83.42	22.15
24.80	81.85	22.07
24.46	80.48	22.04
24.22	79.48	22.03
24.22	79.08	22.03
24.46	79.34	22.04
24.91	80.21	22.05
25.66	82.01	22.06
26.56	84.37	22.06
27.49	86.94	22.08
28.33	89.51	22.12
29.03	91.77	22.16
29.55	93.45	22.21
29.86	93.71	22.26
29.82	93.31	22.29
29.28	92.46	22.30
27.78	91.43	22.25
26.13	90.20	22.19
24.85	88.88	22.15
24.53	87.61	22.16
24.40	86.31	22.17
24.10	84.95	22.16
23.39	83.54	22.12
22.60	82.15	22.06
21.80	80.73	21.96
21.08	79.40	21.82
20.55	78.47	21.69
20.48	78.41	21.62
20.77	79.14	21.61
21.24	80.49	21.63
21.62	82.59	21.72
22.11	85.08	21.82
22.87	87.70	21.93
24.34	90.27	21.98
25.87	92.46	22.02
27.11	93.87	22.05
27.68	93.90	22.07
27.75	93.34	22.09
27.14	92.51	22.11
25.73	91.72	22.12
24.13	90.77	22.11
22.82	89.70	22.06
22.01	88.53	21.96
21.49	87.25	21.85
21.36	85.80	21.70
21.53	84.25	21.55
21.78	82.76	21.40
21.82	81.34	21.32
21.74	80.20	21.27
21.71	79.56	21.24
21.82	79.87	21.17
22.09	80.89	21.11
22.59	82.58	21.10
23.43	85.13	21.19
24.43	87.94	21.33
25.57	90.62	21.51
26.78	92.82	21.73
27.82	94.50	21.94
28.38	95.28	22.05
28.34	95.09	22.05
27.97	94.42	22.01
27.30	93.63	22.00
26.45	92.80	22.03
25.59	91.79	22.04
24.95	90.57	22.00
24.55	89.19	21.93
24.35	87.72	21.85
24.58	86.19	21.78
24.93	84.68	21.72
25.14	83.24	21.65
24.50	81.81	21.57
23.74	80.69	21.49
23.24	80.12	21.40
23.57	80.40	21.32
24.15	81.34	21.27
24.74	83.02	21.33
25.20	85.43	21.51
25.70	88.09	21.71
26.43	90.65	21.87
27.29	92.88	21.97
27.98	94.61	22.03
28.03	95.28	22.05
27.67	95.13	22.04
27.17	94.49	22.03
26.87	93.63	22.04
26.64	92.57	22.06
26.42	91.38	22.06
26.11	90.27	22.01
25.83	89.10	21.95
25.62	87.82	21.90
25.61	86.35	21.93
25.61	84.87	21.95
25.49	83.38	21.89
25.12	81.95	21.71
24.87	80.93	21.53
25.07	80.72	21.41
25.70	81.40	21.39
26.46	82.81	21.43
27.01	85.24	21.58
27.49	88.24	21.79
28.02	91.32	21.99
28.96	93.91	22.04
29.84	96.04	22.05
30.38	97.50	22.04
30.08	97.84	22.06
29.51	97.60	22.08
28.88	96.98	22.09
28.40	96.18	22.11
27.96	95.17	22.12
27.62	94.07	22.12
27.38	92.92	22.12
27.11	91.67	22.11
26.61	90.21	22.09
25.96	88.64	22.05
25.34	87.11	22.00
24.99	85.70	21.93
24.84	84.56	21.84
24.81	83.84	21.75
24.82	83.76	21.61
24.93	84.32	21.50
25.23	85.64	21.48
25.82	88.04	21.67
26.51	90.83	21.90
27.13	93.68	22.07
27.62	96.28	22.12
28.11	98.40	22.13
28.89	99.49	22.10
29.81	99.54	22.06
30.42	99.03	22.02
29.89	98.27	22.04
28.65	97.32	22.08
27.31	96.17	22.13
26.69	94.97	22.12
26.41	93.68	22.09
26.26	92.26	22.06
26.02	90.55	22.07
25.77	88.81	22.07
25.48	87.17	22.04
24.92	85.71	21.90
24.61	84.62	21.76
24.97	84.05	21.65
26.36	84.18	21.62
27.95	84.96	21.63
29.23	86.60	21.73
30.06	88.99	21.88
30.64	91.65	22.03
30.89	94.28	22.09
30.92	96.65	22.11
30.84	98.51	22.10
31.00	99.21	22.11
31.00	99.22	22.11
30.60	98.76	22.10
29.09	98.03	22.06
27.46	97.03	22.01
26.27	95.84	21.99
26.18	94.58	22.01
26.28	93.18	22.04
26.10	91.60	22.07
25.37	89.85	22.07
24.60	88.16	22.05
24.06	86.62	21.98
23.80	85.37	21.88
23.73	84.55	21.77
23.78	84.36	21.67
24.02	84.83	21.61
24.51	85.96	21.60
25.47	88.13	21.75
26.61	90.77	21.92
27.82	93.60	22.06
28.97	96.36	22.07
29.91	98.74	22.05
30.34	100.20	22.03
30.14	100.47	22.03
29.73	100.16	22.04
29.50	99.62	22.05
29.50	98.96	22.07
29.40	98.05	22.07
28.86	96.84	22.07
28.02	95.40	22.05
27.18	93.86	22.03
26.77	92.36	22.02
26.61	90.90	22.00
26.50	89.44	21.96
26.10	87.75	21.82
25.68	86.23	21.65
25.42	85.18	21.50
25.71	85.09	21.40
26.14	85.70	21.36
26.52	87.05	21.41
26.59	89.25	21.60
26.76	91.83	21.81
27.36	94.55	21.97
28.46	97.16	22.03
29.57	99.38	22.05
30.26	100.62	22.07
30.50	100.89	22.08
30.48	100.57	22.09
30.23	99.84	22.10
29.83	98.79	22.11
29.36	97.53	22.11
29.06	96.27	22.11
28.78	94.98	22.10
28.38	93.61	22.08
27.50	92.13	22.02
26.48	90.59	21.94
25.59	89.03	21.84
25.39	87.22	21.71
25.43	85.61	21.58
25.55	84.51	21.45
25.45	84.44	21.33
25.38	85.08	21.27
25.40	86.48	21.30
25.58	88.78	21.50
25.88	91.43	21.75
26.34	94.18	21.94
26.98	96.75	22.01
27.62	98.88	22.06
28.15	99.97	22.08
28.49	99.95	22.11
28.58	99.39	22.12
28.09	98.70	22.13
27.17	97.94	22.14
26.26	96.98	22.14
26.01	95.78	22.10
26.23	94.40	22.03
26.38	92.91	21.93
25.74	91.34	21.81
24.71	89.77	21.68
23.73	88.29	21.55
23.44	86.90	21.44
23.50	85.77	21.35
23.75	85.05	21.28
24.00	84.96	21.25
24.28	85.47	21.25
24.50	86.74	21.30
24.51	89.01	21.38
24.69	91.70	21.50
25.54	94.59	21.64
27.20	97.43	21.79
28.78	99.74	21.93
29.34	100.66	22.01
28.93	100.26	22.05
28.27	99.28	22.07
28.06	98.30	22.10
28.07	97.29	22.13
27.95	96.16	22.15
27.14	94.96	22.12
26.12	93.66	22.07
25.20	92.26	21.97
25.01	90.66	21.80
25.00	89.03	21.62
24.99	87.40	21.47
24.66	85.76	21.39
24.43	84.51	21.35
24.57	84.03	21.31
25.18	84.51	21.28
25.93	85.71	21.29
26.51	87.78	21.40
27.00	90.46	21.59
27.56	93.34	21.80
28.57	96.10	21.93
29.61	98.50	22.03
30.39	100.22	22.09
30.35	100.51	22.11
30.00	100.16	22.11
29.46	99.44	22.10
28.88	98.67	22.10
28.31	97.72	22.10
27.94	96.64	22.09
27.85	95.47	22.06
27.77	94.16	22.03
27.44	92.64	21.98
26.89	90.96	21.92
26.39	89.28	21.86
26.20	87.64	21.81
26.27	86.23	21.75
26.49	85.28	21.69
26.79	85.16	21.59
27.19	85.75	21.51
27.72	87.06	21.49
28.41	89.28	21.61
29.17	91.92	21.77
30.04	94.77	21.92
31.00	97.60	22.02
31.76	100.01	22.10
31.98	101.30	22.14
31.62	101.39	22.13
31.03	100.88	22.12
30.39	100.11	22.13
29.80	99.17	22.15
29.28	98.05	22.17
29.07	96.93	22.16
29.02	95.75	22.13
28.97	94.43	22.10
28.66	92.73	22.10
28.23	90.93	22.10
27.73	89.22	22.07
27.02	87.84	21.97
26.44	86.78	21.86
26.22	86.08	21.76
26.93	85.72	21.71
27.81	85.97	21.70
28.38	87.18	21.75
28.27	89.62	21.87
28.14	92.47	22.00
28.58	95.29	22.10
29.58	97.76	22.13
30.44	99.76	22.14
30.31	100.78	22.13
29.37	100.90	22.11
28.22	100.47	22.08
27.39	99.63	22.09
26.80	98.52	22.11
26.34	97.26	22.13
26.04	96.18	22.15
25.80	95.13	22.16
25.53	93.96	22.14
24.94	92.41	22.06
24.30	90.74	21.94
23.78	89.09	21.81
23.68	87.53	21.65
23.77	86.27	21.49
23.99	85.51	21.36
24.27	85.56	21.28
24.59	86.26	21.26
24.85	87.66	21.30
24.98	89.86	21.40
25.27	92.39	21.54
26.14	95.08	21.68
27.64	97.66	21.82
29.04	99.79	21.95
29.55	100.77	22.03
29.16	100.60	22.08
28.57	99.87	22.10
28.49	98.93	22.13
28.73	97.87	22.14
28.86	96.68	22.13
28.30	95.52	22.07
27.30	94.33	21.98
26.24	93.02	21.86
25.48	91.39	21.70
24.96	89.65	21.55
24.66	87.97	21.40
24.63	86.44	21.32
24.84	85.25	21.27
25.29	84.61	21.25
26.07	84.81	21.23
26.92	85.66	21.23
27.60	87.27	21.28
27.95	89.66	21.38
28.28	92.32	21.51
28.95	94.91	21.66
29.92	97.19	21.83
30.76	98.94	21.98
31.01	99.59	22.07
30.74	99.32	22.11
30.17	98.54	22.12
29.35	97.61	22.13
28.41	96.53	22.13
27.48	95.27	22.11
26.80	93.88	22.07
26.31	92.40	22.01
25.98	90.88	21.93
25.86	89.38	21.81
25.87	87.90	21.69
25.95	86.47	21.57
26.02	84.92	21.49
26.15	83.70	21.43
26.37	83.11	21.38
26.71	83.46	21.35
27.09	84.50	21.35
27.42	86.35	21.42
27.71	88.91	21.57
28.03	91.66	21.74
28.55	94.22	21.90
29.19	96.37	22.04
29.79	97.93	22.15
30.28	98.30	22.18
30.55	97.80	22.17
30.53	96.84	22.13
29.74	95.85	22.13
28.65	94.78	22.14
27.65	93.59	22.15
27.54	92.38	22.15
27.72	91.10	22.14
27.87	89.73	22.10
27.29	88.08	22.03
26.59	86.41	21.94
25.97	84.84	21.83
25.84	83.41	21.70
25.80	82.39	21.57
25.63	82.07	21.47
25.11	82.78	21.41
24.74	84.11	21.40
25.00	86.05	21.49
26.00	88.45	21.68
27.11	90.96	21.89
27.76	93.28	22.03
27.96	95.19	22.09
28.06	96.56	22.11
28.50	96.83	22.12
29.07	96.22	22.11
29.36	95.20	22.10
28.68	94.23	22.12
27.37	93.28	22.14
25.90	92.19	22.15
24.80	90.81	22.09
23.99	89.28	21.98
23.34	87.68	21.85
22.93	86.12	21.69
22.66	84.64	21.53
22.45	83.28	21.39
22.03	81.91	21.31
21.69	80.91	21.28
21.57	80.54	21.27
22.07	81.43	21.27
22.72	82.96	21.28
23.29	84.98	21.31
23.43	87.35	21.33
23.71	89.73	21.36
24.64	91.82	21.38
26.55	93.33	21.40
28.25	94.29	21.41
28.67	94.39	21.42
27.46	93.59	21.41
25.85	92.39	21.40
24.73	91.23	21.40
24.32	90.23	21.39
23.99	89.12	21.39
23.35	87.71	21.37
22.39	86.02	21.33
21.46	84.28	21.29
20.79	82.64	21.26
20.45	81.18	21.25
20.37	79.88	21.24
20.62	78.66	21.25
21.15	77.70	21.27
21.78	77.37	21.29
22.34	78.39	21.30
22.86	80.30	21.29
23.39	82.67	21.29
23.97	85.23	21.29
24.55	87.74	21.29
25.11	89.94	21.29
25.73	91.26	21.29
26.17	91.99	21.29
26.28	92.13	21.28
25.71	91.50	21.27
24.83	90.50	21.26
23.75	89.39	21.26
22.56	88.49	21.25
21.42	87.47	21.25
20.59	86.19	21.25
20.23	84.54	21.24
20.03	82.82	21.24
19.80	81.15	21.24
19.47	79.66	21.24
19.24	78.45	21.25
19.22	77.62	21.29
19.44	77.30	21.34
19.90	77.58	21.38
20.76	78.90	21.37
21.80	80.87	21.34
22.84	83.26	21.30
23.55	86.01	21.27
24.16	88.66	21.26
24.73	90.76	21.26
25.36	91.79	21.27
25.82	92.20	21.29
25.94	92.03	21.30
25.61	91.34	21.30
25.10	90.34	21.30
24.55	89.29	21.29
24.04	88.27	21.26
23.56	87.14	21.23
23.20	85.81	21.24
22.94	84.32	21.26
22.69	82.82	21.29
22.31	81.34	21.30
21.91	79.99	21.29
21.62	78.84	21.28
21.55	77.81	21.29
21.71	77.26	21.29
22.12	77.50	21.27
22.94	79.20	21.21
23.87	81.52	21.15
24.68	84.15	21.14
25.20	86.79	21.19
25.67	89.22	21.25
26.28	91.00	21.28
27.01	91.98	21.25
27.49	92.39	21.22
27.20	92.13	21.21
26.31	91.36	21.23
25.30	90.30	21.25
24.66	89.32	21.29
24.34	88.32	21.32
24.28	87.20	21.33
24.76	85.80	21.29
25.37	84.26	21.23
25.84	82.71	21.19
25.48	81.17	21.23
24.87	79.80	21.28
24.15	78.71	21.32
23.43	77.99	21.32
22.99	77.84	21.30
23.28	78.59	21.30
24.47	80.38	21.32
25.87	82.65	21.34
26.94	85.19	21.33
27.59	87.74	21.29
28.05	90.05	21.24
28.41	91.64	21.21
28.59	92.57	21.18
28.52	92.92	21.17
27.85	92.45	21.20
26.99	91.52	21.24
26.22	90.35	21.27
26.29	89.45	21.27
26.46	88.47	21.26
26.44	87.32	21.23
25.61	85.81	21.18
24.70	84.20	21.14
24.03	82.58	21.14
23.95	81.01	21.20
24.02	79.66	21.26
24.07	78.63	21.28
24.00	78.04	21.25
24.00	78.07	21.21
24.03	79.13	21.21
24.23	81.06	21.24
24.72	83.47	21.27
26.14	86.29	21.28
27.82	89.12	21.27
29.23	91.59	21.25
29.28	92.91	21.26
28.87	93.59	21.26
28.24	93.70	21.25
27.72	93.22	21.22
27.23	92.40	21.18
26.87	91.43	21.18
26.78	90.49	21.21
26.68	89.43	21.25
26.34	88.15	21.26
25.67	86.64	21.23
24.98	85.09	21.20
24.45	83.57	21.20
24.16	82.18	21.25
24.11	81.07	21.29
24.52	80.33	21.30
25.21	80.08	21.27
25.97	80.45	21.24
26.33	81.87	21.23
26.69	83.91	21.22
27.28	86.39	21.22
28.68	89.30	21.20
30.03	92.11	21.18
30.79	94.32	21.16
30.45	95.46	21.12
29.76	95.98	21.10
29.14	95.90	21.11
28.83	95.31	21.16
28.49	94.41	21.22
28.01	93.47	21.25
27.34	92.57	21.23
26.68	91.50	21.21
26.19	90.07	21.22
25.85	88.34	21.25
25.53	86.55	21.28
25.02	84.87	21.26
24.41	83.40	21.20
23.87	82.27	21.15
23.57	81.61	21.16
23.50	81.51	21.20
23.67	82.03	21.25
24.23	83.55	21.24
25.00	85.63	21.22
25.85	88.07	21.19
26.70	90.77	21.17
27.48	93.31	21.15
28.11	95.28	21.16
28.51	96.19	21.21
28.61	96.47	21.26
28.16	96.16	21.29
27.02	95.30	21.26
25.86	94.16	21.21
25.24	93.02	21.19
25.42	92.02	21.19
25.80	90.93	21.19
26.08	89.59	21.19
26.16	88.04	21.18
26.11	86.43	21.16
25.78	84.80	21.17
25.29	83.28	21.19
24.85	82.08	21.21
24.73	81.41	21.22
24.90	81.32	21.21
25.28	81.87	21.21
25.97	83.43	21.22
26.80	85.56	21.23
27.65	88.09	21.24
28.41	90.95	21.25
29.05	93.61	21.25
29.49	95.48	21.23
29.64	96.00	21.17
29.60	95.88	21.12
29.40	95.35	21.10
29.06	94.60	21.11
28.63	93.62	21.14
28.23	92.54	21.16
27.88	91.45	21.17
27.48	90.21	21.18
26.90	88.71	21.18
26.17	86.95	21.17
25.57	85.19	21.16
25.53	83.51	21.15
25.97	82.06	21.16
26.44	80.98	21.18
26.35	80.48	21.20
25.94	80.61	21.21
25.65	81.38	21.22
26.11	83.15	21.21
26.92	85.48	21.19
27.83	88.06	21.17
28.63	90.70	21.17
29.26	93.08	21.16
29.59	94.86	21.16
29.23	95.37	21.16
28.73	95.28	21.16
28.40	94.79	21.17
28.68	94.13	21.17
28.90	93.23	21.18
28.65	92.13	21.19
27.55	90.88	21.20
26.38	89.50	21.21
25.66	88.03	21.21
25.67	86.50	21.18
25.85	84.99	21.15
25.90	83.45	21.13
25.75	82.01	21.12
25.62	80.93	21.12
25.59	80.54	21.13
25.69	80.87	21.15
25.89	81.89	21.17
26.22	84.01	21.18
26.66	86.66	21.17
27.21	89.46	21.16
27.97	92.00	21.15
28.69	94.17	21.14
29.20	95.64	21.14
29.26	95.96	21.15
29.13	95.70	21.16
28.89	95.08	21.17
28.62	94.27	21.15
28.33	93.25	21.14
28.15	92.11	21.16
28.06	90.90	21.21
27.88	89.58	21.26
27.29	88.13	21.26
26.43	86.59	21.22
25.62	85.07	21.18
25.29	83.52	21.15
25.21	82.17	21.14
25.19	81.27	21.14
24.75	81.20	21.15
24.43	81.79	21.16
24.60	83.11	21.17
25.62	85.25	21.15
26.85	87.77	21.14
27.90	90.49	21.14
28.59	93.15	21.15
29.06	95.38	21.17
29.18	96.48	21.17
29.02	96.63	21.16
28.74	96.24	21.15
28.51	95.60	21.14
28.26	94.70	21.13
27.97	93.61	21.13
27.64	92.46	21.14
27.27	91.19	21.15
26.78	89.78	21.18
26.12	88.17	21.23
25.53	86.54	21.27
25.29	84.91	21.28
25.44	83.39	21.25
25.70	82.21	21.21
25.80	81.62	21.19
25.86	81.69	21.17
26.06	82.44	21.17
26.74	84.29	21.18
27.54	86.68	21.20
28.26	89.43	21.23
28.67	92.34	21.24
29.07	94.97	21.25
29.69	96.70	21.23
30.50	97.38	21.20
31.13	97.41	21.17
31.16	96.85	21.16
30.73	95.88	21.16
30.02	94.67	21.17
29.10	93.63	21.18
28.09	92.52	21.19
27.07	91.25	21.19
26.25	89.59	21.16
25.48	87.87	21.14
24.72	86.22	21.14
23.94	84.76	21.17
23.30	83.52	21.21
22.95	82.51	21.23
22.93	81.86	21.22
23.07	81.83	21.20
23.22	83.01	21.18
23.48	85.04	21.16
23.97	87.58	21.16
25.07	90.57	21.16
26.31	93.48	21.17
27.44	95.82	21.17
28.16	96.97	21.15
28.59	97.44	21.13
28.58	97.29	21.14
28.10	96.61	21.19
27.39	95.60	21.24
26.61	94.51	21.26
25.86	93.44	21.23
25.17	92.26	21.20
24.71	90.91	21.17
24.46	89.45	21.14
24.30	87.94	21.12
24.17	86.37	21.13
24.06	84.87	21.16
23.95	83.57	21.19
23.60	82.50	21.21
23.39	81.92	21.23
23.62	82.10	21.24
24.83	83.53	21.25
26.23	85.61	21.26
27.40	88.21	21.25
28.01	91.16	21.22
28.42	93.94	21.19
28.79	95.94	21.18
29.11	97.01	21.18
29.22	97.43	21.18
28.85	97.16	21.17
28.15	96.36	21.15
27.29	95.27	21.14
26.40	94.21	21.19
25.58	93.10	21.25
24.93	91.91	21.30
24.81	90.60	21.29
24.90	89.22	21.27
25.08	87.76	21.25
25.16	86.10	21.27
25.19	84.55	21.30
25.06	83.26	21.32
24.64	82.37	21.34
24.28	82.07	21.35
24.28	82.76	21.33
24.71	84.49	21.29
25.41	86.75	21.24
26.43	89.35	21.22
27.57	92.02	21.20
28.57	94.48	21.20
28.93	96.21	21.19
28.90	97.33	21.19
28.64	97.83	21.19
28.24	97.37	21.19
27.78	96.43	21.20
27.33	95.28	21.21
27.04	94.27	21.22
26.79	93.14	21.24
26.56	91.83	21.24
26.32	90.31	21.23
26.03	88.72	21.21
25.51	87.11	21.22
24.77	85.54	21.25
24.13	84.13	21.29
23.97	82.83	21.33
24.23	81.87	21.36
24.70	81.55	21.38
25.29	82.56	21.34
25.93	84.44	21.28
26.60	86.82	21.22
27.23	89.49	21.18
27.78	92.15	21.16
28.25	94.44	21.15
28.59	95.93	21.18
28.73	96.85	21.21
28.49	97.09	21.23
27.73	96.59	21.23
26.92	95.67	21.21
26.49	94.61	21.19
26.58	93.51	21.16
26.71	92.29	21.14
26.53	90.91	21.15
25.99	89.41	21.19
25.35	87.87	21.23
24.66	86.35	21.24
24.00	84.92	21.23
23.51	83.64	21.23
23.47	82.44	21.26
23.71	81.60	21.30
24.05	81.37	21.34
24.15	82.42	21.31
24.35	84.19	21.27
24.86	86.48	21.23
26.21	89.22	21.22
27.63	91.94	21.22
28.74	94.21	21.22
29.10	95.59	21.22
29.11	96.37	21.22
28.78	96.42	21.21
28.18	95.74	21.20
27.49	94.69	21.20
26.97	93.59	21.20
26.68	92.57	21.20
26.41	91.44	21.21
26.00	90.09	21.20
25.48	88.57	21.17
24.98	87.00	21.16
24.72	85.40	21.19
24.58	83.87	21.25
24.42	82.57	21.30
23.95	81.55	21.30
23.35	80.99	21.28
22.78	81.06	21.26
22.39	82.33	21.27
22.18	84.22	21.28
22.23	86.55	21.30
22.73	89.21	21.29
23.35	91.78	21.28
23.87	93.81	21.26
24.09	94.87	21.22
24.21	95.37	21.18
24.31	95.28	21.18
24.43	94.68	21.21
24.45	93.77	21.25
24.31	92.80	21.26
23.99	91.86	21.22
23.56	90.76	21.19
22.95	89.39	21.21
22.30	87.81	21.27
21.86	86.17	21.33
22.23	84.59	21.36
23.02	83.15	21.35
23.69	81.94	21.33
23.26	80.96	21.33
22.52	80.46	21.32
21.95	80.63	21.32
22.50	82.11	21.31
23.35	84.20	21.31
24.32	86.73	21.31
25.15	89.55	21.32
25.83	92.18	21.32
26.13	94.05	21.32
25.93	94.73	21.31
25.58	94.79	21.30
25.35	94.42	21.28
25.37	93.74	21.25
25.40	92.81	21.23
25.35	91.78	21.23
25.17	90.69	21.25
24.86	89.45	21.28
24.24	87.91	21.31
23.41	86.16	21.34
22.61	84.39	21.36
22.12	82.77	21.37
21.92	81.37	21.38
21.94	80.25	21.38
22.20	79.44	21.36
22.64	79.07	21.34
23.20	79.31	21.32
23.83	80.59	21.32
24.51	82.47	21.32
25.20	84.80	21.33
25.87	87.65	21.32
26.48	90.31	21.31
26.99	92.17	21.31
27.35	92.53	21.31
27.51	92.28	21.32
27.35	91.75	21.32
26.76	91.23	21.31
26.06	90.47	21.30
25.47	89.40	21.30
25.08	87.99	21.32
24.76	86.42	21.33
24.40	84.75	21.35
24.03	83.07	21.36
23.72	81.44	21.36
23.62	79.92	21.37
23.67	78.59	21.39
23.76	77.58	21.40
23.67	76.95	21.41
23.53	76.82	21.41
23.53	77.29	21.41
23.96	78.81	21.41
24.56	80.89	21.40
25.23	83.30	21.38
25.85	85.93	21.36
26.36	88.35	21.33
26.63	90.11	21.31
26.46	90.64	21.28
26.16	90.57	21.26
25.90	90.09	21.24
25.80	89.35	21.25
25.66	88.37	21.26
25.29	87.28	21.27
24.68	86.15	21.27
24.12	84.91	21.28
23.95	83.53	21.29
24.15	82.04	21.31
24.36	80.52	21.33
24.18	78.90	21.36
23.78	77.37	21.38
23.49	76.20	21.40
23.83	75.79	21.41
24.41	76.02	21.41
24.94	76.87	21.40
24.83	78.51	21.41
24.73	80.63	21.41
25.00	83.15	21.39
26.13	86.06	21.33
27.31	88.70	21.26
28.04	90.36	21.23
28.06	90.66	21.24
27.87	90.34	21.27
27.86	89.69	21.28
28.02	88.86	21.26
27.97	87.86	21.24
27.24	86.91	21.22
26.06	85.93	21.20
24.88	84.80	21.19
24.25	83.23	21.23
23.96	81.46	21.28
23.82	79.72	21.32
23.72	78.16	21.34
23.68	76.90	21.34
23.65	76.11	21.34
23.57	75.97	21.36
23.57	76.51	21.37
23.76	77.96	21.35
24.21	80.45	21.30
24.77	83.32	21.23
25.44	86.20	21.20
26.13	88.82	21.20
26.70	90.97	21.21
26.95	92.03	21.25
26.91	92.24	21.29
26.68	91.93	21.32
26.23	91.33	21.32
25.66	90.47	21.31
25.05	89.42	21.30
24.57	88.39	21.30
24.13	87.23	21.30
23.73	85.89	21.31
23.42	84.18	21.29
23.10	82.44	21.29
22.67	80.82	21.29
21.97	79.48	21.31
21.37	78.46	21.34
21.17	77.80	21.36
21.48	77.60	21.37
22.02	78.04	21.37
22.62	79.53	21.35
23.24	81.89	21.31
23.95	84.61	21.27
24.87	87.40	21.26
25.81	89.97	21.26
26.60	92.02	21.27
26.95	92.73	21.27
27.00	92.71	21.27
26.82	92.20	21.28
26.29	91.52	21.26
25.67	90.61	21.25
25.13	89.54	21.24
24.97	88.45	21.26
24.84	87.24	21.27
24.61	85.88	21.29
24.10	84.30	21.30
23.56	82.73	21.31
23.16	81.28	21.33
22.94	80.06	21.37
22.78	79.14	21.40
22.50	78.59	21.40
22.20	78.53	21.38
22.14	79.13	21.35
22.72	80.94	21.35
23.72	83.52	21.36
24.86	86.40	21.37
25.93	89.24	21.35
26.88	91.78	21.32
27.57	93.66	21.29
27.69	94.19	21.28
27.60	94.07	21.28
27.50	93.54	21.28
27.62	92.86	21.26
27.65	91.96	21.25
27.41	90.93	21.26
26.81	89.84	21.30
26.13	88.65	21.34
25.62	87.33	21.36
25.31	85.90	21.34
24.98	84.47	21.31
24.35	82.99	21.30
23.53	81.63	21.32
22.81	80.63	21.33
22.52	80.30	21.34
22.56	80.61	21.35
22.83	81.59	21.35
23.31	83.59	21.36
23.95	86.08	21.37
24.73	88.82	21.38
25.69	91.63	21.39
26.54	94.12	21.40
27.02	95.75	21.39
26.92	96.16	21.35
26.61	95.93	21.31
26.28	95.24	21.28
26.02	94.27	21.28
25.82	93.08	21.28
25.85	91.90	21.29
26.04	90.76	21.30
26.21	89.53	21.32
26.12	88.13	21.34
25.82	86.62	21.36
25.40	85.09	21.39
24.79	83.48	21.41
24.19	82.04	21.43
23.76	81.00	21.43
23.99	80.75	21.39
24.45	81.16	21.35
24.95	82.27	21.32
25.13	84.35	21.35
25.38	86.84	21.38
25.97	89.49	21.39
27.14	92.05	21.35
28.23	94.23	21.30
28.64	95.48	21.28
28.22	95.61	21.29
27.56	95.18	21.30
27.04	94.47	21.31
26.74	93.58	21.30
26.46	92.48	21.29
26.10	91.27	21.29
25.69	89.96	21.31
25.27	88.54	21.32
24.87	86.97	21.34
24.51	85.35	21.34
24.21	83.77	21.35
23.95	82.24	21.36
23.81	80.97	21.36
23.82	80.12	21.36
24.18	79.95	21.35
24.66	80.41	21.33
25.16	81.65	21.31
25.52	83.92	21.30
25.97	86.56	21.31
26.73	89.26	21.32
27.83	91.72	21.34
28.85	93.76	21.35
29.36	94.82	21.33
29.36	94.91	21.27
29.19	94.48	21.23
29.21	93.80	21.23
29.31	92.96	21.28
29.22	91.90	21.33
28.79	90.69	21.37
27.90	89.36	21.38
26.39	87.96	21.34
