TIEMPO TIEMPOX VFSCd PAMn VFSCi
.20 .20 35.46 79.87 27.89
.40 .40 34.99 79.36 27.61
.60 .60 34.75 79.09 27.46
.80 .80 34.71 79.02 27.43
1.00 1.00 34.83 79.12 27.48
1.20 1.20 35.08 79.35 27.60
1.40 1.40 35.43 79.68 27.78
1.60 1.60 35.85 80.07 27.98
1.80 1.80 36.29 80.49 28.19
2.00 2.00 36.72 80.90 28.39
2.20 2.20 37.10 81.25 28.54
2.40 2.40 37.27 81.37 28.51
2.60 2.60 37.37 81.43 28.45
2.80 2.80 37.42 81.45 28.38
3.00 3.00 37.42 81.43 28.31
3.20 3.20 37.38 81.40 28.27
3.40 3.40 37.29 81.38 28.36
3.60 3.60 37.18 81.37 28.47
3.80 3.80 37.07 81.36 28.58
4.00 4.00 36.96 81.35 28.69
4.20 4.20 36.86 81.37 28.75
4.40 4.40 36.81 81.41 28.70
4.60 4.60 36.79 81.48 28.63
4.80 4.80 36.81 81.58 28.58
5.00 5.00 36.87 81.73 28.55
5.20 5.20 37.02 81.97 28.62
5.40 5.40 37.29 82.33 28.83
5.60 5.60 37.59 82.72 29.08
5.80 5.80 37.87 83.11 29.33
6.00 6.00 38.12 83.46 29.56
6.20 6.20 38.24 83.69 29.69
6.40 6.40 38.22 83.79 29.72
6.60 6.60 38.13 83.83 29.70
6.80 6.80 37.99 83.82 29.65
7.00 7.00 37.80 83.77 29.57
7.20 7.20 37.50 83.64 29.47
7.40 7.40 37.15 83.47 29.35
7.60 7.60 36.82 83.31 29.24
7.80 7.80 36.54 83.20 29.16
8.00 8.00 36.36 83.15 29.12
8.20 8.20 36.58 83.40 29.26
8.40 8.40 36.95 83.78 29.46
8.60 8.60 37.37 84.18 29.68
8.80 8.80 37.78 84.56 29.87
9.00 9.00 38.13 84.88 30.02
9.20 9.20 38.12 84.90 29.96
9.40 9.40 38.01 84.83 29.85
9.60 9.60 37.83 84.70 29.69
9.80 9.80 37.60 84.51 29.49
10.00 10.00 37.33 84.28 29.28
10.20 10.20 37.06 84.03 29.07
10.40 10.40 36.79 83.77 28.86
10.60 10.60 36.53 83.52 28.66
10.80 10.80 36.30 83.29 28.47
11.00 11.00 36.12 83.10 28.30
11.20 11.20 36.09 83.05 28.19
11.40 11.40 36.09 83.04 28.11
11.60 11.60 36.14 83.05 28.06
11.80 11.80 36.22 83.07 28.04
12.00 12.00 36.31 83.07 28.07
12.20 12.20 36.42 83.02 28.18
12.40 12.40 36.54 82.96 28.32
12.60 12.60 36.65 82.89 28.45
12.80 12.80 36.75 82.80 28.58
13.00 13.00 36.83 82.70 28.69
13.20 13.20 36.83 82.57 28.67
13.40 13.40 36.81 82.43 28.63
13.60 13.60 36.77 82.29 28.56
13.80 13.80 36.71 82.15 28.49
14.00 14.00 36.64 82.02 28.41
14.20 14.20 36.52 81.86 28.34
14.40 14.40 36.39 81.71 28.29
14.60 14.60 36.27 81.59 28.24
14.80 14.80 36.17 81.52 28.22
15.00 15.00 36.11 81.51 28.21
15.20 15.20 36.19 81.67 28.27
15.40 15.40 36.34 81.93 28.35
15.60 15.60 36.52 82.22 28.45
15.80 15.80 36.69 82.52 28.55
16.00 16.00 36.85 82.80 28.64
16.20 16.20 36.90 82.95 28.70
16.40 16.40 36.88 83.03 28.73
16.60 16.60 36.84 83.07 28.74
16.80 16.80 36.80 83.07 28.73
17.00 17.00 36.75 83.05 28.69
17.20 17.20 36.76 83.01 28.60
17.40 17.40 36.81 82.95 28.47
17.60 17.60 36.86 82.87 28.32
17.80 17.80 36.90 82.79 28.17
18.00 18.00 36.94 82.70 28.02
18.20 18.20 36.92 82.60 27.88
18.40 18.40 36.85 82.48 27.77
18.60 18.60 36.79 82.38 27.68
18.80 18.80 36.74 82.33 27.62
19.00 19.00 36.73 82.32 27.61
19.20 19.20 36.86 82.46 27.71
19.40 19.40 37.11 82.74 27.90
19.60 19.60 37.37 83.05 28.12
19.80 19.80 37.62 83.35 28.35
20.00 20.00 37.83 83.63 28.55
20.20 20.20 37.88 83.75 28.64
20.40 20.40 37.76 83.71 28.63
20.60 20.60 37.57 83.61 28.58
20.80 20.80 37.35 83.48 28.50
21.00 21.00 37.09 83.32 28.40
21.20 21.20 36.83 83.16 28.29
21.40 21.40 36.57 83.01 28.19
21.60 21.60 36.32 82.88 28.10
21.80 21.80 36.11 82.77 28.03
22.00 22.00 35.94 82.70 27.99
22.20 22.20 35.89 82.71 28.02
22.40 22.40 36.01 82.83 28.16
22.60 22.60 36.16 82.97 28.32
22.80 22.80 36.32 83.12 28.49
23.00 23.00 36.46 83.26 28.64
23.20 23.20 36.51 83.33 28.72
23.40 23.40 36.41 83.29 28.69
23.60 23.60 36.27 83.21 28.64
23.80 23.80 36.11 83.10 28.55
24.00 24.00 35.93 82.98 28.46
24.20 24.20 35.78 82.84 28.36
24.40 24.40 35.70 82.71 28.28
24.60 24.60 35.62 82.57 28.19
24.80 24.80 35.55 82.42 28.11
25.00 25.00 35.48 82.25 28.02
25.20 25.20 35.40 82.07 27.93
25.40 25.40 35.25 81.80 27.82
25.60 25.60 35.11 81.55 27.72
25.80 25.80 35.00 81.31 27.64
26.00 26.00 34.93 81.12 27.58
26.20 26.20 34.92 80.99 27.56
26.40 26.40 35.16 81.10 27.67
26.60 26.60 35.44 81.27 27.80
26.80 26.80 35.74 81.45 27.94
27.00 27.00 36.02 81.63 28.06
27.20 27.20 36.26 81.77 28.16
27.40 27.40 36.27 81.70 28.10
27.60 27.60 36.20 81.57 28.00
27.80 27.80 36.09 81.40 27.87
28.00 28.00 35.94 81.20 27.74
28.20 28.20 35.77 80.97 27.60
28.40 28.40 35.59 80.72 27.49
28.60 28.60 35.42 80.46 27.40
28.80 28.80 35.26 80.22 27.33
29.00 29.00 35.15 80.00 27.29
29.20 29.20 35.09 79.82 27.29
29.40 29.40 35.20 79.78 27.40
29.60 29.60 35.43 79.82 27.58
29.80 29.80 35.69 79.90 27.77
30.00 30.00 35.97 79.99 27.97
30.20 30.20 36.23 80.08 28.14
30.40 30.40 36.42 80.12 28.22
30.60 30.60 36.51 80.09 28.19
30.80 30.80 36.56 80.06 28.14
31.00 31.00 36.58 80.01 28.07
31.20 31.20 36.57 79.96 28.00
31.40 31.40 36.52 79.92 27.96
31.60 31.60 36.45 79.91 28.00
31.80 31.80 36.35 79.89 28.04
32.00 32.00 36.23 79.88 28.08
32.20 32.20 36.09 79.87 28.12
32.40 32.40 35.93 79.86 28.15
32.60 32.60 35.69 79.79 28.10
32.80 32.80 35.46 79.73 28.04
33.00 33.00 35.25 79.69 27.99
33.20 33.20 35.08 79.68 27.96
33.40 33.40 34.96 79.71 27.95
33.60 33.60 35.07 79.92 28.09
33.80 33.80 35.25 80.17 28.25
34.00 34.00 35.46 80.44 28.42
34.20 34.20 35.69 80.70 28.58
34.40 34.40 35.90 80.93 28.71
34.60 34.60 35.97 81.00 28.69
34.80 34.80 35.99 81.00 28.60
35.00 35.00 35.97 80.95 28.47
35.20 35.20 35.93 80.87 28.33
35.40 35.40 35.86 80.77 28.19
35.60 35.60 35.78 80.65 28.06
35.80 35.80 35.67 80.53 27.95
36.00 36.00 35.57 80.41 27.87
36.20 36.20 35.50 80.31 27.82
36.40 36.40 35.45 80.24 27.82
36.60 36.60 35.48 80.26 27.92
36.80 36.80 35.63 80.38 28.15
37.00 37.00 35.81 80.53 28.41
37.20 37.20 35.99 80.70 28.69
37.40 37.40 36.16 80.87 28.98
37.60 37.60 36.27 81.00 29.23
37.80 37.80 36.30 81.07 29.41
38.00 38.00 36.29 81.13 29.56
38.20 38.20 36.26 81.17 29.68
38.40 38.40 36.21 81.20 29.77
38.60 38.60 36.15 81.22 29.80
38.80 38.80 36.07 81.25 29.76
39.00 39.00 35.99 81.27 29.69
39.20 39.20 35.90 81.27 29.60
39.40 39.40 35.80 81.26 29.49
39.60 39.60 35.69 81.22 29.38
39.80 39.80 35.55 81.10 29.27
40.00 40.00 35.42 80.99 29.17
40.20 40.20 35.32 80.90 29.09
40.40 40.40 35.26 80.85 29.04
40.60 40.60 35.28 80.89 29.05
40.80 40.80 35.48 81.15 29.21
41.00 41.00 35.70 81.43 29.38
41.20 41.20 35.93 81.73 29.56
41.40 41.40 36.13 82.00 29.71
41.60 41.60 36.24 82.17 29.76
41.80 41.80 36.16 82.15 29.65
42.00 42.00 36.04 82.09 29.50
42.20 42.20 35.88 81.97 29.32
42.40 42.40 35.70 81.83 29.11
42.60 42.60 35.53 81.69 28.92
42.80 42.80 35.42 81.58 28.80
43.00 43.00 35.32 81.45 28.67
43.20 43.20 35.21 81.32 28.53
43.40 43.40 35.11 81.19 28.38
43.60 43.60 34.99 81.03 28.20
43.80 43.80 34.81 80.81 27.91
44.00 44.00 34.64 80.61 27.63
44.20 44.20 34.51 80.43 27.39
44.40 44.40 34.44 80.29 27.20
44.60 44.60 34.47 80.23 27.13
44.80 44.80 34.75 80.36 27.34
45.00 45.00 35.08 80.53 27.62
45.20 45.20 35.42 80.72 27.92
45.40 45.40 35.73 80.90 28.21
45.60 45.60 35.95 81.03 28.42
45.80 45.80 35.92 81.02 28.42
46.00 46.00 35.84 80.97 28.37
46.20 46.20 35.73 80.89 28.29
46.40 46.40 35.60 80.80 28.19
46.60 46.60 35.50 80.70 28.09
46.80 46.80 35.51 80.63 28.03
47.00 47.00 35.54 80.55 27.98
47.20 47.20 35.57 80.49 27.94
47.40 47.40 35.61 80.42 27.92
47.60 47.60 35.62 80.37 27.93
47.80 47.80 35.57 80.29 27.98
48.00 48.00 35.52 80.25 28.05
48.20 48.20 35.49 80.23 28.15
48.40 48.40 35.51 80.27 28.27
48.60 48.60 35.63 80.41 28.45
48.80 48.80 35.91 80.71 28.71
49.00 49.00 36.22 81.04 28.97
49.20 49.20 36.53 81.38 29.21
49.40 49.40 36.82 81.70 29.42
49.60 49.60 36.98 81.93 29.50
49.80 49.80 36.98 82.03 29.45
50.00 50.00 36.93 82.08 29.34
50.20 50.20 36.84 82.10 29.21
50.40 50.40 36.73 82.09 29.06
50.60 50.60 36.64 82.07 28.94
50.80 50.80 36.60 82.04 28.88
51.00 51.00 36.57 82.01 28.84
51.20 51.20 36.55 81.97 28.81
51.40 51.40 36.53 81.93 28.81
51.60 51.60 36.52 81.89 28.84
51.80 51.80 36.50 81.85 28.93
52.00 52.00 36.49 81.81 29.05
52.20 52.20 36.49 81.81 29.17
52.40 52.40 36.52 81.84 29.29
52.60 52.60 36.56 81.92 29.42
52.80 52.80 36.69 82.16 29.57
53.00 53.00 36.83 82.45 29.70
53.20 53.20 36.98 82.76 29.79
53.40 53.40 37.12 83.07 29.80
53.60 53.60 37.24 83.37 29.73
53.80 53.80 37.28 83.56 29.34
54.00 54.00 37.27 83.71 28.82
54.20 54.20 37.24 83.83 28.28
54.40 54.40 37.20 83.94 27.75
54.60 54.60 37.14 84.04 27.29
54.80 54.80 37.10 84.14 27.12
55.00 55.00 37.05 84.26 27.16
55.20 55.20 37.01 84.37 27.29
55.40 55.40 36.96 84.48 27.50
55.60 55.60 36.93 84.60 27.75
55.80 55.80 36.93 84.76 28.01
56.00 56.00 36.97 84.95 28.27
56.20 56.20 37.00 85.12 28.53
56.40 56.40 37.01 85.25 28.77
56.60 56.60 36.98 85.33 28.98
56.80 56.80 36.86 85.28 29.12
57.00 57.00 36.59 85.02 29.14
57.20 57.20 36.28 84.72 29.13
57.40 57.40 35.97 84.37 29.08
57.60 57.60 35.68 84.02 29.00
57.80 57.80 35.42 83.69 28.91
58.00 58.00 35.34 83.53 28.84
58.20 58.20 35.29 83.38 28.76
58.40 58.40 35.28 83.25 28.68
58.60 58.60 35.29 83.11 28.61
58.80 58.80 35.30 82.95 28.54
59.00 59.00 35.27 82.69 28.51
59.20 59.20 35.23 82.39 28.50
59.40 59.40 35.19 82.08 28.48
59.60 59.60 35.14 81.75 28.46
59.80 59.80 35.07 81.44 28.43
60.00 60.00 34.97 81.13 28.33
60.20 60.20 34.83 80.84 28.19
60.40 60.40 34.71 80.58 28.04
60.60 60.60 34.60 80.36 27.91
60.80 60.80 34.54 80.18 27.80
61.00 61.00 34.55 80.07 27.76
61.20 61.20 34.72 80.08 27.83
61.40 61.40 34.93 80.14 27.95
61.60 61.60 35.15 80.22 28.09
61.80 61.80 35.38 80.33 28.24
62.00 62.00 35.60 80.45 28.39
62.20 62.20 35.72 80.55 28.52
62.40 62.40 35.81 80.63 28.63
62.60 62.60 35.88 80.71 28.73
62.80 62.80 35.92 80.78 28.80
63.00 63.00 35.94 80.83 28.85
63.20 63.20 35.93 80.82 28.82
63.40 63.40 35.90 80.79 28.75
63.60 63.60 35.85 80.74 28.66
63.80 63.80 35.79 80.68 28.56
64.00 64.00 35.70 80.62 28.47
64.20 64.20 35.58 80.55 28.39
64.40 64.40 35.42 80.48 28.34
64.60 64.60 35.27 80.43 28.31
64.80 64.80 35.15 80.41 28.30
65.00 65.00 35.06 80.43 28.33
65.20 65.20 35.07 80.57 28.41
65.40 65.40 35.23 80.85 28.59
65.60 65.60 35.43 81.17 28.78
65.80 65.80 35.63 81.50 28.97
66.00 66.00 35.83 81.81 29.16
66.20 66.20 35.99 82.06 29.31
66.40 66.40 36.02 82.13 29.38
66.60 66.60 36.01 82.15 29.42
66.80 66.80 35.96 82.13 29.40
67.00 67.00 35.86 82.08 29.33
67.20 67.20 35.72 82.00 29.21
67.40 67.40 35.44 81.89 28.89
67.60 67.60 35.13 81.77 28.53
67.80 67.80 34.84 81.66 28.17
68.00 68.00 34.57 81.57 27.82
68.20 68.20 34.36 81.50 27.52
68.40 68.40 34.35 81.52 27.42
68.60 68.60 34.46 81.59 27.42
68.80 68.80 34.62 81.69 27.48
69.00 69.00 34.83 81.83 27.60
69.20 69.20 35.08 81.99 27.77
69.40 69.40 35.38 82.22 28.01
69.60 69.60 35.69 82.48 28.29
69.80 69.80 35.99 82.73 28.57
70.00 70.00 36.26 82.96 28.83
70.20 70.20 36.47 83.15 29.05
70.40 70.40 36.54 83.21 29.13
70.60 70.60 36.47 83.15 29.10
70.80 70.80 36.34 83.04 29.01
71.00 71.00 36.15 82.91 28.87
71.20 71.20 35.92 82.75 28.70
71.40 71.40 35.63 82.57 28.47
71.60 71.60 35.28 82.39 28.20
71.80 71.80 34.95 82.23 27.94
72.00 72.00 34.66 82.13 27.71
72.20 72.20 34.43 82.09 27.53
72.40 72.40 34.39 82.22 27.50
72.60 72.60 34.60 82.58 27.67
72.80 72.80 34.87 83.00 27.89
73.00 73.00 35.19 83.44 28.15
73.20 73.20 35.53 83.88 28.41
73.40 73.40 35.81 84.23 28.62
73.60 73.60 35.99 84.45 28.72
73.80 73.80 36.13 84.62 28.80
74.00 74.00 36.22 84.73 28.86
74.20 74.20 36.25 84.79 28.90
74.40 74.40 36.18 84.80 28.93
74.60 74.60 36.00 84.77 28.98
74.80 74.80 35.76 84.68 29.00
75.00 75.00 35.48 84.54 29.00
75.20 75.20 35.18 84.35 28.98
75.40 75.40 34.86 84.08 28.88
75.60 75.60 34.54 83.69 28.69
75.80 75.80 34.25 83.30 28.49
76.00 76.00 33.98 82.92 28.29
76.20 76.20 33.78 82.57 28.11
76.40 76.40 33.70 82.37 28.01
76.60 76.60 33.80 82.40 28.06
76.80 76.80 33.95 82.47 28.13
77.00 77.00 34.13 82.57 28.21
77.20 77.20 34.32 82.66 28.30
77.40 77.40 34.46 82.69 28.33
77.60 77.60 34.50 82.58 28.26
77.80 77.80 34.50 82.42 28.17
78.00 78.00 34.48 82.23 28.06
78.20 78.20 34.44 82.01 27.95
78.40 78.40 34.37 81.75 27.85
78.60 78.60 34.29 81.48 27.80
78.80 78.80 34.20 81.19 27.76
79.00 79.00 34.09 80.88 27.73
79.20 79.20 33.98 80.57 27.70
79.40 79.40 33.85 80.25 27.68
79.60 79.60 33.67 79.89 27.59
79.80 79.80 33.48 79.54 27.51
80.00 80.00 33.33 79.22 27.45
80.20 80.20 33.21 78.94 27.42
80.40 80.40 33.16 78.73 27.42
80.60 80.60 33.34 78.72 27.58
80.80 80.80 33.64 78.83 27.83
81.00 81.00 33.97 78.97 28.08
81.20 81.20 34.29 79.13 28.32
81.40 81.40 34.58 79.26 28.52
81.60 81.60 34.66 79.28 28.56
81.80 81.80 34.54 79.16 28.43
82.00 82.00 34.36 78.99 28.26
82.20 82.20 34.14 78.79 28.05
82.40 82.40 33.91 78.57 27.82
82.60 82.60 33.70 78.34 27.62
82.80 82.80 33.60 78.10 27.47
83.00 83.00 33.52 77.87 27.35
83.20 83.20 33.46 77.65 27.25
83.40 83.40 33.44 77.46 27.17
83.60 83.60 33.44 77.29 27.12
83.80 83.80 33.49 77.20 27.13
84.00 84.00 33.56 77.15 27.16
84.20 84.20 33.66 77.14 27.22
84.40 84.40 33.79 77.18 27.31
84.60 84.60 33.96 77.25 27.41
84.80 84.80 34.20 77.42 27.53
85.00 85.00 34.48 77.64 27.66
85.20 85.20 34.76 77.88 27.79
85.40 85.40 35.02 78.11 27.93
85.60 85.60 35.25 78.32 28.06
85.80 85.80 35.38 78.45 28.18
86.00 86.00 35.39 78.47 28.28
86.20 86.20 35.36 78.45 28.37
86.40 86.40 35.29 78.41 28.43
86.60 86.60 35.20 78.33 28.46
86.80 86.80 35.08 78.23 28.44
87.00 87.00 34.96 78.08 28.31
87.20 87.20 34.84 77.93 28.16
87.40 87.40 34.74 77.80 28.02
87.60 87.60 34.65 77.71 27.91
87.80 87.80 34.61 77.68 27.85
88.00 88.00 34.70 77.87 28.00
88.20 88.20 34.84 78.12 28.21
88.40 88.40 35.00 78.41 28.46
88.60 88.60 35.17 78.72 28.71
88.80 88.80 35.34 79.04 28.96
89.00 89.00 35.48 79.31 29.13
89.20 89.20 35.61 79.56 29.25
89.40 89.40 35.70 79.77 29.34
89.60 89.60 35.77 79.94 29.40
89.80 89.80 35.79 80.06 29.42
90.00 90.00 35.73 80.06 29.38
90.20 90.20 35.59 79.95 29.28
90.40 90.40 35.42 79.80 29.16
90.60 90.60 35.23 79.63 29.03
90.80 90.80 35.04 79.45 28.90
91.00 91.00 34.83 79.28 28.77
91.20 91.20 34.62 79.13 28.66
91.40 91.40 34.44 79.01 28.58
91.60 91.60 34.32 78.96 28.55
91.80 91.80 34.26 78.98 28.58
92.00 92.00 34.36 79.13 28.73
92.20 92.20 34.71 79.53 29.10
92.40 92.40 35.11 79.98 29.51
92.60 92.60 35.55 80.48 29.92
92.80 92.80 35.97 80.98 30.31
93.00 93.00 36.33 81.44 30.60
93.20 93.20 36.49 81.76 30.66
93.40 93.40 36.60 82.04 30.67
93.60 93.60 36.65 82.28 30.63
93.80 93.80 36.66 82.48 30.56
94.00 94.00 36.62 82.64 30.52
94.20 94.20 36.54 82.74 30.54
94.40 94.40 36.43 82.82 30.57
94.60 94.60 36.30 82.87 30.58
94.80 94.80 36.17 82.90 30.57
95.00 95.00 36.03 82.91 30.52
95.20 95.20 35.90 82.89 30.36
95.40 95.40 35.80 82.89 30.20
95.60 95.60 35.72 82.90 30.05
95.80 95.80 35.69 82.95 29.94
96.00 96.00 35.75 83.10 29.94
96.20 96.20 35.96 83.39 30.09
96.40 96.40 36.18 83.70 30.28
96.60 96.60 36.40 84.00 30.49
96.80 96.80 36.60 84.28 30.68
97.00 97.00 36.67 84.43 30.81
97.20 97.20 36.64 84.48 30.87
97.40 97.40 36.56 84.48 30.89
97.60 97.60 36.44 84.43 30.86
97.80 97.80 36.27 84.35 30.80
98.00 98.00 36.06 84.26 30.63
98.20 98.20 35.81 84.15 30.42
98.40 98.40 35.56 84.01 30.18
98.60 98.60 35.30 83.85 29.95
98.80 98.80 35.06 83.66 29.72
99.00 99.00 34.87 83.40 29.59
99.20 99.20 34.71 83.13 29.50
99.40 99.40 34.60 82.86 29.44
99.60 99.60 34.52 82.60 29.39
99.80 99.80 34.50 82.37 29.37
100.00 100.00 34.62 82.27 29.35
100.20 100.20 34.79 82.21 29.34
100.40 100.40 34.99 82.17 29.35
100.60 100.60 35.20 82.15 29.38
100.80 100.80 35.39 82.12 29.42
101.00 101.00 35.46 82.05 29.56
101.20 101.20 35.50 81.97 29.70
101.40 101.40 35.50 81.87 29.84
101.60 101.60 35.47 81.74 29.94
101.80 101.80 35.41 81.60 29.99
102.00 102.00 35.30 81.40 29.82
102.20 102.20 35.17 81.17 29.56
102.40 102.40 35.03 80.94 29.29
102.60 102.60 34.91 80.70 29.01
102.80 102.80 34.80 80.46 28.77
103.00 103.00 34.76 80.25 28.69
103.20 103.20 34.76 80.05 28.72
103.40 103.40 34.80 79.88 28.79
103.60 103.60 34.86 79.73 28.89
103.80 103.80 34.95 79.62 29.02
104.00 104.00 35.07 79.57 29.13
104.20 104.20 35.21 79.57 29.24
104.40 104.40 35.36 79.60 29.37
104.60 104.60 35.51 79.65 29.50
104.80 104.80 35.67 79.72 29.63
105.00 105.00 35.80 79.80 29.79
105.20 105.20 35.92 79.89 29.94
105.40 105.40 36.02 79.97 30.09
105.60 105.60 36.10 80.04 30.23
105.80 105.80 36.16 80.08 30.35
106.00 106.00 36.18 80.05 30.46
106.20 106.20 36.17 79.99 30.55
106.40 106.40 36.14 79.91 30.61
106.60 106.60 36.08 79.81 30.63
106.80 106.80 35.98 79.69 30.59
107.00 107.00 35.82 79.55 30.45
107.20 107.20 35.65 79.40 30.28
107.40 107.40 35.47 79.26 30.08
107.60 107.60 35.29 79.12 29.86
107.80 107.80 35.12 79.01 29.64
108.00 108.00 34.98 78.92 29.41
108.20 108.20 34.87 78.87 29.21
108.40 108.40 34.81 78.85 29.04
108.60 108.60 34.80 78.88 28.91
108.80 108.80 34.92 79.02 28.91
109.00 109.00 35.15 79.24 29.00
109.20 109.20 35.42 79.50 29.14
109.40 109.40 35.73 79.77 29.32
109.60 109.60 36.04 80.05 29.51
109.80 109.80 36.35 80.26 29.71
110.00 110.00 36.63 80.43 29.90
110.20 110.20 36.89 80.58 30.08
110.40 110.40 37.10 80.74 30.22
110.60 110.60 37.25 80.90 30.33
110.80 110.80 37.25 81.06 30.32
111.00 111.00 37.10 81.23 30.21
111.20 111.20 36.93 81.45 30.08
111.40 111.40 36.77 81.72 29.93
111.60 111.60 36.64 82.05 29.79
111.80 111.80 36.72 82.59 29.76
112.00 112.00 36.94 83.28 29.79
112.20 112.20 37.19 83.99 29.83
112.40 112.40 37.43 84.68 29.87
112.60 112.60 37.63 85.33 29.90
112.80 112.80 37.63 85.76 29.83
113.00 113.00 37.50 86.05 29.72
113.20 113.20 37.32 86.24 29.59
113.40 113.40 37.09 86.36 29.44
113.60 113.60 36.85 86.41 29.30
113.80 113.80 36.62 86.41 29.19
114.00 114.00 36.41 86.35 29.11
114.20 114.20 36.20 86.25 29.03
114.40 114.40 35.99 86.11 28.95
114.60 114.60 35.78 85.93 28.88
114.80 114.80 35.57 85.71 28.77
115.00 115.00 35.35 85.47 28.64
115.20 115.20 35.16 85.22 28.53
115.40 115.40 34.99 84.98 28.43
115.60 115.60 34.85 84.77 28.36
115.80 115.80 34.79 84.69 28.40
116.00 116.00 34.82 84.71 28.52
116.20 116.20 34.86 84.74 28.65
116.40 116.40 34.90 84.77 28.78
116.60 116.60 34.93 84.78 28.86
116.80 116.80 34.87 84.68 28.81
117.00 117.00 34.73 84.45 28.61
117.20 117.20 34.55 84.18 28.37
117.40 117.40 34.35 83.88 28.10
117.60 117.60 34.14 83.56 27.84
117.80 117.80 33.92 83.23 27.62
118.00 118.00 33.70 82.89 27.49
118.20 118.20 33.49 82.57 27.38
118.40 118.40 33.30 82.27 27.30
118.60 118.60 33.16 82.01 27.25
118.80 118.80 33.09 81.83 27.21
119.00 119.00 33.18 81.78 27.20
119.20 119.20 33.30 81.79 27.21
119.40 119.40 33.45 81.83 27.22
119.60 119.60 33.61 81.88 27.24
119.80 119.80 33.75 81.94 27.26
120.00 120.00 33.81 81.97 27.27
120.20 120.20 33.84 81.99 27.28
120.40 120.40 33.85 81.99 27.29
120.60 120.60 33.83 81.98 27.29
120.80 120.80 33.77 81.93 27.28
121.00 121.00 33.64 81.81 27.23
121.20 121.20 33.48 81.66 27.19
121.40 121.40 33.30 81.49 27.14
121.60 121.60 33.11 81.29 27.09
121.80 121.80 32.91 81.06 27.05
122.00 122.00 32.70 80.76 27.03
122.20 122.20 32.50 80.44 27.02
122.40 122.40 32.33 80.14 27.03
122.60 122.60 32.20 79.87 27.05
122.80 122.80 32.11 79.66 27.08
123.00 123.00 32.17 79.62 27.14
123.20 123.20 32.30 79.68 27.21
123.40 123.40 32.48 79.78 27.29
123.60 123.60 32.67 79.90 27.39
123.80 123.80 32.87 80.04 27.49
124.00 124.00 33.03 80.12 27.61
124.20 124.20 33.15 80.16 27.75
124.40 124.40 33.26 80.19 27.87
124.60 124.60 33.36 80.20 27.97
124.80 124.80 33.44 80.20 28.04
125.00 125.00 33.50 80.18 28.02
125.20 125.20 33.53 80.15 27.90
125.40 125.40 33.55 80.11 27.77
125.60 125.60 33.56 80.05 27.62
125.80 125.80 33.55 79.98 27.47
126.00 126.00 33.52 79.86 27.37
126.20 126.20 33.45 79.70 27.32
126.40 126.40 33.39 79.54 27.30
126.60 126.60 33.35 79.39 27.31
126.80 126.80 33.35 79.28 27.33
127.00 127.00 33.44 79.25 27.39
127.20 127.20 33.71 79.36 27.50
127.40 127.40 34.02 79.50 27.62
127.60 127.60 34.33 79.68 27.75
127.80 127.80 34.63 79.86 27.87
128.00 128.00 34.87 80.04 27.98
128.20 128.20 34.93 80.17 28.03
128.40 128.40 34.94 80.29 28.08
128.60 128.60 34.92 80.38 28.10
128.80 128.80 34.88 80.44 28.12
129.00 129.00 34.82 80.47 28.12
129.20 129.20 34.80 80.40 28.12
129.40 129.40 34.79 80.30 28.11
129.60 129.60 34.78 80.19 28.10
129.80 129.80 34.79 80.06 28.07
130.00 130.00 34.81 79.93 28.03
130.20 130.20 34.88 79.85 27.96
130.40 130.40 34.96 79.77 27.88
130.60 130.60 35.06 79.70 27.80
130.80 130.80 35.17 79.65 27.73
131.00 131.00 35.29 79.60 27.67
131.20 131.20 35.40 79.55 27.63
131.40 131.40 35.51 79.52 27.62
131.60 131.60 35.62 79.52 27.64
131.80 131.80 35.74 79.55 27.71
132.00 132.00 35.87 79.62 27.85
132.20 132.20 36.03 79.81 28.18
132.40 132.40 36.19 80.03 28.55
132.60 132.60 36.33 80.26 28.92
132.80 132.80 36.46 80.49 29.26
133.00 133.00 36.55 80.66 29.51
133.20 133.20 36.57 80.75 29.57
133.40 133.40 36.57 80.81 29.57
133.60 133.60 36.54 80.85 29.53
133.80 133.80 36.49 80.87 29.47
134.00 134.00 36.43 80.88 29.42
134.20 134.20 36.36 80.90 29.42
134.40 134.40 36.29 80.91 29.42
134.60 134.60 36.21 80.91 29.43
134.80 134.80 36.14 80.90 29.43
135.00 135.00 36.06 80.85 29.43
135.20 135.20 35.99 80.75 29.41
135.40 135.40 35.94 80.67 29.41
135.60 135.60 35.92 80.62 29.42
135.80 135.80 35.94 80.61 29.46
136.00 136.00 36.07 80.79 29.56
136.20 136.20 36.28 81.07 29.71
136.40 136.40 36.49 81.37 29.87
136.60 136.60 36.67 81.65 30.03
136.80 136.80 36.81 81.85 30.17
137.00 137.00 36.74 81.79 30.25
137.20 137.20 36.62 81.66 30.32
137.40 137.40 36.46 81.47 30.35
137.60 137.60 36.27 81.24 30.37
137.80 137.80 36.08 81.00 30.35
138.00 138.00 35.90 80.79 30.29
138.20 138.20 35.72 80.58 30.22
138.40 138.40 35.56 80.38 30.15
138.60 138.60 35.43 80.20 30.09
138.80 138.80 35.33 80.03 30.06
139.00 139.00 35.28 79.87 30.08
139.20 139.20 35.27 79.77 30.12
139.40 139.40 35.33 79.72 30.21
139.60 139.60 35.45 79.74 30.34
139.80 139.80 35.72 79.92 30.58
140.00 140.00 36.13 80.25 30.91
140.20 140.20 36.56 80.62 31.25
140.40 140.40 37.00 80.99 31.58
140.60 140.60 37.40 81.34 31.86
140.80 140.80 37.60 81.51 31.96
141.00 141.00 37.72 81.60 31.98
141.20 141.20 37.80 81.67 31.95
141.40 141.40 37.86 81.71 31.90
141.60 141.60 37.92 81.75 31.86
141.80 141.80 38.02 81.82 31.87
142.00 142.00 38.12 81.90 31.88
142.20 142.20 38.20 81.97 31.88
142.40 142.40 38.27 82.05 31.87
142.60 142.60 38.30 82.11 31.81
142.80 142.80 38.30 82.17 31.73
143.00 143.00 38.30 82.25 31.67
143.20 143.20 38.30 82.36 31.65
143.40 143.40 38.31 82.53 31.72
143.60 143.60 38.36 82.81 31.98
143.80 143.80 38.43 83.13 32.28
144.00 144.00 38.51 83.48 32.58
144.20 144.20 38.60 83.85 32.87
144.40 144.40 38.78 84.26 33.06
144.60 144.60 38.97 84.67 33.17
144.80 144.80 39.11 85.04 33.20
145.00 145.00 39.18 85.36 33.15
145.20 145.20 39.06 85.55 32.92
145.40 145.40 38.68 85.57 32.48
145.60 145.60 38.24 85.54 31.98
145.80 145.80 37.76 85.47 31.46
146.00 146.00 37.29 85.40 30.97
146.20 146.20 37.02 85.44 30.71
146.40 146.40 36.85 85.53 30.57
146.60 146.60 36.71 85.63 30.49
146.80 146.80 36.61 85.74 30.45
147.00 147.00 36.52 85.85 30.44
147.20 147.20 36.35 85.88 30.39
147.40 147.40 36.17 85.88 30.34
147.60 147.60 36.01 85.91 30.30
147.80 147.80 35.88 85.98 30.26
148.00 148.00 35.80 86.10 30.23
148.20 148.20 35.92 86.46 30.25
148.40 148.40 36.08 86.88 30.26
148.60 148.60 36.24 87.31 30.26
148.80 148.80 36.37 87.72 30.24
149.00 149.00 36.40 88.03 30.16
149.20 149.20 36.21 88.14 29.97
149.40 149.40 35.97 88.18 29.76
149.60 149.60 35.69 88.16 29.54
149.80 149.80 35.39 88.09 29.33
150.00 150.00 35.14 88.00 29.18
150.20 150.20 34.97 87.91 29.14
150.40 150.40 34.81 87.78 29.11
150.60 150.60 34.65 87.63 29.10
150.80 150.80 34.49 87.45 29.09
151.00 151.00 34.27 87.23 29.03
151.20 151.20 33.97 86.95 28.90
151.40 151.40 33.69 86.68 28.76
151.60 151.60 33.45 86.42 28.64
151.80 151.80 33.27 86.19 28.53
152.00 152.00 33.27 86.07 28.48
152.20 152.20 33.51 86.08 28.51
152.40 152.40 33.78 86.12 28.57
152.60 152.60 34.07 86.16 28.64
152.80 152.80 34.32 86.19 28.73
153.00 153.00 34.40 86.14 28.83
153.20 153.20 34.27 86.00 28.94
153.40 153.40 34.08 85.82 29.03
153.60 153.60 33.84 85.58 29.10
153.80 153.80 33.58 85.28 29.14
154.00 154.00 33.34 84.90 29.09
154.20 154.20 33.15 84.41 28.94
154.40 154.40 32.96 83.89 28.76
154.60 154.60 32.78 83.36 28.56
154.80 154.80 32.62 82.84 28.36
155.00 155.00 32.46 82.35 28.17
155.20 155.20 32.30 81.92 28.03
155.40 155.40 32.17 81.54 27.92
155.60 155.60 32.09 81.23 27.83
155.80 155.80 32.06 80.99 27.79
156.00 156.00 32.14 80.87 27.80
156.20 156.20 32.37 80.90 27.90
156.40 156.40 32.65 81.01 28.02
156.60 156.60 32.97 81.18 28.17
156.80 156.80 33.31 81.42 28.33
157.00 157.00 33.65 81.72 28.50
157.20 157.20 33.96 82.07 28.66
157.40 157.40 34.25 82.45 28.80
157.60 157.60 34.50 82.82 28.90
157.80 157.80 34.70 83.17 28.96
158.00 158.00 34.80 83.44 28.89
158.20 158.20 34.78 83.62 28.70
158.40 158.40 34.72 83.77 28.48
158.60 158.60 34.62 83.88 28.25
158.80 158.80 34.49 83.96 28.03
159.00 159.00 34.36 84.01 27.88
159.20 159.20 34.23 84.03 27.85
159.40 159.40 34.11 84.05 27.83
159.60 159.60 34.00 84.07 27.83
159.80 159.80 33.91 84.11 27.84
160.00 160.00 33.89 84.19 27.81
160.20 160.20 33.97 84.33 27.72
160.40 160.40 34.06 84.50 27.64
160.60 160.60 34.16 84.68 27.56
160.80 160.80 34.24 84.86 27.50
161.00 161.00 34.29 85.07 27.52
161.20 161.20 34.28 85.31 27.63
161.40 161.40 34.24 85.52 27.75
161.60 161.60 34.16 85.68 27.84
161.80 161.80 34.05 85.76 27.89
162.00 162.00 33.90 85.70 27.82
162.20 162.20 33.68 85.40 27.55
162.40 162.40 33.44 85.03 27.22
162.60 162.60 33.19 84.61 26.88
162.80 162.80 32.93 84.17 26.53
163.00 163.00 32.69 83.76 26.24
163.20 163.20 32.49 83.45 26.08
163.40 163.40 32.31 83.17 25.97
163.60 163.60 32.15 82.93 25.90
163.80 163.80 32.02 82.71 25.87
164.00 164.00 31.92 82.52 25.87
164.20 164.20 31.90 82.37 25.92
164.40 164.40 31.91 82.26 26.00
164.60 164.60 31.95 82.17 26.09
164.80 164.80 32.01 82.11 26.19
165.00 165.00 32.09 82.08 26.28
165.20 165.20 32.17 82.10 26.32
165.40 165.40 32.26 82.15 26.33
165.60 165.60 32.36 82.20 26.35
165.80 165.80 32.44 82.24 26.37
166.00 166.00 32.51 82.26 26.40
166.20 166.20 32.54 82.20 26.50
166.40 166.40 32.54 82.07 26.65
166.60 166.60 32.52 81.91 26.81
166.80 166.80 32.48 81.72 26.96
167.00 167.00 32.43 81.53 27.10
167.20 167.20 32.35 81.30 27.18
167.40 167.40 32.23 81.06 27.17
167.60 167.60 32.13 80.83 27.15
167.80 167.80 32.06 80.63 27.13
168.00 168.00 32.04 80.46 27.14
168.20 168.20 32.10 80.36 27.20
168.40 168.40 32.37 80.42 27.39
168.60 168.60 32.68 80.51 27.61
168.80 168.80 33.02 80.65 27.86
169.00 169.00 33.37 80.80 28.13
169.20 169.20 33.71 80.96 28.41
169.40 169.40 33.95 81.10 28.72
169.60 169.60 34.17 81.24 29.01
169.80 169.80 34.34 81.34 29.28
170.00 170.00 34.47 81.42 29.50
170.20 170.20 34.54 81.45 29.66
170.40 170.40 34.46 81.30 29.60
170.60 170.60 34.34 81.11 29.50
170.80 170.80 34.19 80.92 29.35
171.00 171.00 34.05 80.74 29.18
171.20 171.20 33.93 80.60 29.01
171.40 171.40 33.94 80.64 28.92
171.60 171.60 33.99 80.74 28.86
171.80 171.80 34.09 80.90 28.82
172.00 172.00 34.23 81.12 28.80
172.20 172.20 34.42 81.40 28.80
172.40 172.40 34.71 81.76 28.83
172.60 172.60 35.07 82.18 28.90
172.80 172.80 35.44 82.63 28.98
173.00 173.00 35.81 83.10 29.07
173.20 173.20 36.15 83.55 29.15
173.40 173.40 36.41 83.96 29.23
173.60 173.60 36.55 84.30 29.30
173.80 173.80 36.65 84.61 29.35
174.00 174.00 36.70 84.89 29.36
174.20 174.20 36.72 85.15 29.34
174.40 174.40 36.70 85.39 29.25
174.60 174.60 36.66 85.64 29.01
174.80 174.80 36.60 85.86 28.74
175.00 175.00 36.51 86.04 28.47
175.20 175.20 36.40 86.17 28.20
175.40 175.40 36.27 86.24 27.98
175.60 175.60 36.09 86.15 27.88
175.80 175.80 35.92 86.02 27.82
176.00 176.00 35.75 85.88 27.81
176.20 176.20 35.60 85.74 27.85
176.40 176.40 35.50 85.66 27.93
176.60 176.60 35.53 85.75 28.13
176.80 176.80 35.58 85.87 28.35
177.00 177.00 35.64 86.00 28.56
177.20 177.20 35.68 86.11 28.73
177.40 177.40 35.68 86.19 28.82
177.60 177.60 35.57 86.19 28.71
177.80 177.80 35.41 86.14 28.53
178.00 178.00 35.21 86.02 28.32
178.20 178.20 34.98 85.84 28.09
178.40 178.40 34.70 85.58 27.87
178.60 178.60 34.34 85.13 27.72
178.80 178.80 33.97 84.61 27.59
179.00 179.00 33.59 84.07 27.47
179.20 179.20 33.23 83.51 27.36
179.40 179.40 32.90 82.96 27.27
179.60 179.60 32.65 82.50 27.14
179.80 179.80 32.44 82.08 27.04
180.00 180.00 32.30 81.71 26.97
180.20 180.20 32.23 81.40 26.94
180.40 180.40 32.24 81.14 26.97
180.60 180.60 32.44 81.04 27.17
180.80 180.80 32.78 81.05 27.49
181.00 181.00 33.16 81.10 27.85
181.20 181.20 33.55 81.16 28.20
181.40 181.40 33.91 81.21 28.52
181.60 181.60 34.15 81.19 28.71
181.80 181.80 34.14 81.01 28.65
182.00 182.00 34.08 80.81 28.56
182.20 182.20 34.00 80.59 28.45
182.40 182.40 33.91 80.39 28.34
182.60 182.60 33.85 80.20 28.29
182.80 182.80 33.97 80.15 28.48
183.00 183.00 34.12 80.12 28.72
183.20 183.20 34.29 80.11 28.97
183.40 183.40 34.47 80.12 29.23
183.60 183.60 34.65 80.12 29.47
183.80 183.80 34.70 80.01 29.49
184.00 184.00 34.74 79.90 29.48
184.20 184.20 34.82 79.84 29.50
184.40 184.40 34.97 79.85 29.57
184.60 184.60 35.23 79.99 29.76
184.80 184.80 35.83 80.48 30.31
185.00 185.00 36.48 81.04 30.92
185.20 185.20 37.12 81.61 31.53
185.40 185.40 37.71 82.16 32.10
185.60 185.60 38.06 82.51 32.45
185.80 185.80 38.16 82.67 32.57
186.00 186.00 38.17 82.76 32.62
186.20 186.20 38.12 82.80 32.61
186.40 186.40 38.02 82.80 32.59
186.60 186.60 37.99 82.83 32.66
186.80 186.80 37.94 82.85 32.73
187.00 187.00 37.88 82.87 32.80
187.20 187.20 37.82 82.87 32.84
187.40 187.40 37.75 82.86 32.83
187.60 187.60 37.65 82.80 32.74
187.80 187.80 37.58 82.78 32.64
188.00 188.00 37.52 82.81 32.55
188.20 188.20 37.51 82.90 32.48
188.40 188.40 37.63 83.23 32.56
188.60 188.60 37.81 83.67 32.69
188.80 188.80 38.00 84.15 32.82
189.00 189.00 38.19 84.62 32.92
189.20 189.20 38.32 85.04 32.93
189.40 189.40 38.34 85.30 32.78
189.60 189.60 38.31 85.50 32.57
189.80 189.80 38.22 85.64 32.31
190.00 190.00 38.06 85.70 32.03
190.20 190.20 37.80 85.67 31.74
190.40 190.40 37.41 85.55 31.47
190.60 190.60 36.99 85.37 31.20
190.80 190.80 36.55 85.14 30.94
191.00 191.00 36.12 84.89 30.69
191.20 191.20 35.75 84.60 30.46
191.40 191.40 35.46 84.30 30.26
191.60 191.60 35.22 84.01 30.09
191.80 191.80 35.04 83.74 29.95
192.00 192.00 34.91 83.51 29.86
192.20 192.20 34.91 83.42 29.88
192.40 192.40 35.03 83.46 30.00
192.60 192.60 35.18 83.53 30.14
192.80 192.80 35.34 83.59 30.28
193.00 193.00 35.47 83.63 30.38
193.20 193.20 35.47 83.53 30.33
193.40 193.40 35.36 83.32 30.16
193.60 193.60 35.22 83.06 29.96
193.80 193.80 35.05 82.76 29.74
194.00 194.00 34.87 82.43 29.53
194.20 194.20 34.72 82.07 29.38
194.40 194.40 34.58 81.68 29.29
194.60 194.60 34.46 81.29 29.23
194.80 194.80 34.34 80.89 29.18
195.00 195.00 34.24 80.49 29.14
195.20 195.20 34.14 80.10 29.10
195.40 195.40 34.04 79.71 29.06
195.60 195.60 33.97 79.36 29.04
195.80 195.80 33.95 79.07 29.04
196.00 196.00 33.99 78.85 29.06
196.20 196.20 34.14 78.76 29.13
196.40 196.40 34.40 78.83 29.24
196.60 196.60 34.72 78.97 29.38
196.80 196.80 35.07 79.18 29.56
197.00 197.00 35.44 79.44 29.78
197.20 197.20 35.83 79.80 30.10
197.40 197.40 36.20 80.20 30.47
197.60 197.60 36.54 80.57 30.82
197.80 197.80 36.82 80.90 31.13
198.00 198.00 37.03 81.13 31.38
198.20 198.20 36.97 81.06 31.34
198.40 198.40 36.83 80.88 31.24
198.60 198.60 36.64 80.64 31.08
198.80 198.80 36.41 80.34 30.89
199.00 199.00 36.18 80.02 30.70
199.20 199.20 35.99 79.71 30.58
199.40 199.40 35.82 79.42 30.48
199.60 199.60 35.69 79.15 30.40
199.80 199.80 35.61 78.93 30.36
200.00 200.00 35.60 78.78 30.37
200.20 200.20 35.75 78.78 30.45
200.40 200.40 35.95 78.85 30.58
200.60 200.60 36.20 78.98 30.75
200.80 200.80 36.49 79.16 30.95
201.00 201.00 36.81 79.40 31.23
201.20 201.20 37.17 79.72 31.58
201.40 201.40 37.52 80.05 31.93
201.60 201.60 37.82 80.35 32.24
201.80 201.80 38.05 80.62 32.47
202.00 202.00 38.11 80.73 32.46
202.20 202.20 38.03 80.73 32.29
202.40 202.40 37.87 80.66 32.05
202.60 202.60 37.64 80.54 31.77
202.80 202.80 37.35 80.36 31.47
203.00 203.00 36.91 80.07 31.24
203.20 203.20 36.43 79.75 31.05
203.40 203.40 35.99 79.43 30.88
203.60 203.60 35.62 79.17 30.74
203.80 203.80 35.38 78.98 30.63
204.00 204.00 35.51 78.99 30.54
204.20 204.20 35.78 79.10 30.50
204.40 204.40 36.15 79.32 30.53
204.60 204.60 36.61 79.64 30.64
204.80 204.80 37.16 80.17 30.95
205.00 205.00 37.77 80.86 31.44
205.20 205.20 38.36 81.58 31.95
205.40 205.40 38.91 82.28 32.42
205.60 205.60 39.36 82.89 32.79
205.80 205.80 39.47 83.10 32.74
206.00 206.00 39.46 83.19 32.57
206.20 206.20 39.37 83.21 32.33
206.40 206.40 39.20 83.17 32.05
206.60 206.60 38.97 83.13 31.80
206.80 206.80 38.71 83.11 31.63
207.00 207.00 38.45 83.12 31.50
207.20 207.20 38.21 83.14 31.40
207.40 207.40 38.04 83.22 31.35
207.60 207.60 38.03 83.36 31.38
207.80 207.80 38.15 83.58 31.48
208.00 208.00 38.35 83.87 31.63
208.20 208.20 38.60 84.24 31.82
208.40 208.40 38.91 84.71 32.04
208.60 208.60 39.35 85.42 32.35
208.80 208.80 39.77 86.17 32.66
209.00 209.00 40.15 86.88 32.92
209.20 209.20 40.44 87.52 33.13
209.40 209.40 40.45 87.85 33.14
209.60 209.60 40.24 87.95 32.99
209.80 209.80 39.93 87.93 32.78
210.00 210.00 39.56 87.82 32.52
210.20 210.20 39.16 87.64 32.23
210.40 210.40 38.83 87.46 32.02
210.60 210.60 38.51 87.24 31.80
210.80 210.80 38.20 87.02 31.57
211.00 211.00 37.90 86.80 31.34
211.20 211.20 37.63 86.61 31.10
211.40 211.40 37.40 86.49 30.78
211.60 211.60 37.21 86.40 30.49
211.80 211.80 37.04 86.35 30.23
212.00 212.00 36.91 86.35 30.03
212.20 212.20 36.84 86.40 29.95
212.40 212.40 36.82 86.52 30.06
212.60 212.60 36.84 86.67 30.22
212.80 212.80 36.87 86.85 30.40
213.00 213.00 36.92 87.05 30.59
213.20 213.20 36.96 87.29 30.69
213.40 213.40 37.00 87.53 30.73
213.60 213.60 37.03 87.75 30.75
213.80 213.80 37.05 87.93 30.73
214.00 214.00 37.04 88.04 30.68
214.20 214.20 36.94 87.97 30.59
214.40 214.40 36.80 87.77 30.46
214.60 214.60 36.65 87.52 30.31
214.80 214.80 36.49 87.23 30.15
215.00 215.00 36.34 86.90 29.99
215.20 215.20 36.21 86.58 29.83
215.40 215.40 36.13 86.27 29.68
215.60 215.60 36.07 85.97 29.54
215.80 215.80 36.03 85.69 29.42
216.00 216.00 36.02 85.45 29.34
216.20 216.20 36.04 85.25 29.29
216.40 216.40 36.11 85.14 29.33
216.60 216.60 36.20 85.09 29.41
216.80 216.80 36.32 85.08 29.51
217.00 217.00 36.48 85.12 29.64
217.20 217.20 36.67 85.21 29.80
217.40 217.40 36.98 85.44 29.99
217.60 217.60 37.31 85.69 30.18
217.80 217.80 37.62 85.95 30.37
218.00 218.00 37.91 86.18 30.54
218.20 218.20 38.15 86.36 30.69
218.40 218.40 38.19 86.35 30.76
218.60 218.60 38.14 86.26 30.78
218.80 218.80 38.05 86.10 30.76
219.00 219.00 37.93 85.89 30.71
219.20 219.20 37.79 85.64 30.62
219.40 219.40 37.66 85.30 30.44
219.60 219.60 37.54 84.91 30.20
219.80 219.80 37.45 84.54 29.97
220.00 220.00 37.40 84.20 29.76
220.20 220.20 37.41 83.92 29.61
220.40 220.40 37.55 83.84 29.63
220.60 220.60 37.83 83.97 29.82
220.80 220.80 38.15 84.16 30.07
221.00 221.00 38.50 84.40 30.35
221.20 221.20 38.85 84.64 30.63
221.40 221.40 39.16 84.83 30.85
221.60 221.60 39.43 84.95 31.00
221.80 221.80 39.65 85.03 31.11
222.00 222.00 39.82 85.08 31.19
222.20 222.20 39.93 85.09 31.22
222.40 222.40 39.91 85.04 31.19
222.60 222.60 39.73 84.92 31.08
222.80 222.80 39.50 84.77 30.93
223.00 223.00 39.23 84.60 30.77
223.20 223.20 38.95 84.40 30.61
223.40 223.40 38.69 84.16 30.44
223.60 223.60 38.47 83.87 30.30
223.80 223.80 38.29 83.60 30.18
224.00 224.00 38.15 83.37 30.09
224.20 224.20 38.08 83.21 30.05
224.40 224.40 38.12 83.18 30.12
224.60 224.60 38.35 83.38 30.33
224.80 224.80 38.61 83.64 30.57
225.00 225.00 38.89 83.95 30.81
225.20 225.20 39.16 84.27 31.03
225.40 225.40 39.34 84.55 31.14
225.60 225.60 39.42 84.79 31.14
225.80 225.80 39.45 85.00 31.09
226.00 226.00 39.41 85.18 31.02
226.20 226.20 39.31 85.31 30.91
226.40 226.40 39.09 85.37 30.82
226.60 226.60 38.80 85.37 30.72
226.80 226.80 38.45 85.32 30.61
227.00 227.00 38.07 85.21 30.48
227.20 227.20 37.68 85.05 30.33
227.40 227.40 37.26 84.77 30.11
227.60 227.60 36.85 84.42 29.86
227.80 227.80 36.47 84.06 29.62
228.00 228.00 36.13 83.73 29.39
228.20 228.20 35.84 83.43 29.20
228.40 228.40 35.70 83.32 29.12
228.60 228.60 35.67 83.33 29.12
228.80 228.80 35.69 83.39 29.15
229.00 229.00 35.76 83.49 29.21
229.20 229.20 35.86 83.62 29.28
229.40 229.40 36.00 83.75 29.33
229.60 229.60 36.14 83.88 29.38
229.80 229.80 36.29 84.00 29.41
230.00 230.00 36.43 84.10 29.43
230.20 230.20 36.54 84.17 29.43
230.40 230.40 36.57 84.17 29.36
230.60 230.60 36.53 84.08 29.24
230.80 230.80 36.45 83.97 29.10
231.00 231.00 36.34 83.82 28.94
231.20 231.20 36.18 83.64 28.77
231.40 231.40 35.98 83.44 28.60
231.60 231.60 35.67 83.17 28.41
231.80 231.80 35.37 82.90 28.24
232.00 232.00 35.08 82.67 28.09
232.20 232.20 34.84 82.48 27.98
232.40 232.40 34.67 82.36 27.90
232.60 232.60 34.80 82.49 27.98
232.80 232.80 35.00 82.70 28.09
233.00 233.00 35.24 82.95 28.23
233.20 233.20 35.50 83.21 28.37
233.40 233.40 35.74 83.48 28.51
233.60 233.60 35.82 83.66 28.54
233.80 233.80 35.84 83.78 28.54
234.00 234.00 35.83 83.88 28.52
234.20 234.20 35.79 83.95 28.48
234.40 234.40 35.73 83.98 28.43
234.60 234.60 35.66 83.96 28.37
234.80 234.80 35.60 83.89 28.32
235.00 235.00 35.52 83.78 28.26
235.20 235.20 35.42 83.66 28.18
235.40 235.40 35.31 83.52 28.09
235.60 235.60 35.15 83.37 27.95
235.80 235.80 34.89 83.16 27.71
236.00 236.00 34.63 82.98 27.48
236.20 236.20 34.40 82.84 27.27
236.40 236.40 34.22 82.77 27.11
236.60 236.60 34.11 82.80 27.01
236.80 236.80 34.34 83.20 27.22
237.00 237.00 34.62 83.68 27.48
237.20 237.20 34.94 84.18 27.78
237.40 237.40 35.25 84.68 28.08
237.60 237.60 35.53 85.14 28.36
237.80 237.80 35.58 85.32 28.44
238.00 238.00 35.54 85.36 28.45
238.20 238.20 35.43 85.34 28.40
238.40 238.40 35.28 85.25 28.33
238.60 238.60 35.10 85.12 28.22
238.80 238.80 34.88 84.95 28.10
239.00 239.00 34.65 84.76 27.96
239.20 239.20 34.41 84.56 27.83
239.40 239.40 34.20 84.36 27.70
239.60 239.60 34.01 84.18 27.60
239.80 239.80 33.90 84.05 27.53
240.00 240.00 33.89 84.00 27.53
240.20 240.20 33.92 83.99 27.55
240.40 240.40 33.99 84.01 27.60
240.60 240.60 34.10 84.06 27.67
240.80 240.80 34.27 84.18 27.78
241.00 241.00 34.53 84.40 27.94
241.20 241.20 34.77 84.62 28.10
241.40 241.40 34.98 84.80 28.24
241.60 241.60 35.13 84.93 28.34
241.80 241.80 35.13 84.91 28.35
242.00 242.00 34.85 84.61 28.19
242.20 242.20 34.50 84.25 27.99
242.40 242.40 34.09 83.84 27.77
242.60 242.60 33.66 83.43 27.54
242.80 242.80 33.24 83.05 27.34
243.00 243.00 32.91 82.85 27.26
243.20 243.20 32.62 82.69 27.21
243.40 243.40 32.38 82.59 27.19
243.60 243.60 32.20 82.53 27.20
243.80 243.80 32.08 82.52 27.22
244.00 244.00 32.15 82.59 27.27
244.20 244.20 32.32 82.71 27.33
244.40 244.40 32.54 82.86 27.40
244.60 244.60 32.77 83.02 27.49
244.80 244.80 32.99 83.19 27.58
245.00 245.00 33.13 83.32 27.70
245.20 245.20 33.15 83.42 27.83
245.40 245.40 33.14 83.50 27.95
245.60 245.60 33.10 83.54 28.05
245.80 245.80 33.03 83.54 28.13
246.00 246.00 32.95 83.49 28.14
246.20 246.20 32.85 83.35 28.05
246.40 246.40 32.75 83.17 27.92
246.60 246.60 32.62 82.97 27.77
246.80 246.80 32.49 82.75 27.61
247.00 247.00 32.35 82.52 27.44
247.20 247.20 32.15 82.30 27.28
247.40 247.40 31.96 82.08 27.13
247.60 247.60 31.79 81.88 27.01
247.80 247.80 31.66 81.71 26.91
248.00 248.00 31.58 81.58 26.85
248.20 248.20 31.69 81.59 26.90
248.40 248.40 31.89 81.66 27.00
248.60 248.60 32.12 81.75 27.12
248.80 248.80 32.36 81.84 27.26
249.00 249.00 32.57 81.90 27.39
249.20 249.20 32.66 81.85 27.48
249.40 249.40 32.63 81.71 27.53
249.60 249.60 32.58 81.53 27.56
249.80 249.80 32.51 81.33 27.57
250.00 250.00 32.42 81.10 27.57
250.20 250.20 32.36 80.89 27.52
250.40 250.40 32.34 80.69 27.45
250.60 250.60 32.32 80.48 27.37
250.80 250.80 32.31 80.27 27.29
251.00 251.00 32.31 80.05 27.23
251.20 251.20 32.31 79.83 27.19
251.40 251.40 32.25 79.55 27.21
251.60 251.60 32.22 79.28 27.26
251.80 251.80 32.22 79.05 27.33
252.00 252.00 32.25 78.86 27.43
252.20 252.20 32.34 78.73 27.56
252.40 252.40 32.63 78.81 27.75
252.60 252.60 33.00 78.99 27.96
252.80 252.80 33.39 79.21 28.18
253.00 253.00 33.77 79.44 28.41
253.20 253.20 34.13 79.66 28.63
253.40 253.40 34.31 79.76 28.81
253.60 253.60 34.38 79.78 28.95
253.80 253.80 34.40 79.78 29.09
254.00 254.00 34.41 79.74 29.22
254.20 254.20 34.40 79.70 29.33
254.40 254.40 34.44 79.66 29.45
254.60 254.60 34.54 79.63 29.56
254.80 254.80 34.64 79.60 29.66
255.00 255.00 34.74 79.57 29.76
255.20 255.20 34.83 79.54 29.86
255.40 255.40 34.90 79.50 29.95
255.60 255.60 34.92 79.46 30.03
255.80 255.80 34.95 79.43 30.12
256.00 256.00 34.99 79.43 30.21
256.20 256.20 35.04 79.46 30.32
256.40 256.40 35.15 79.57 30.45
256.60 256.60 35.33 79.74 30.61
256.80 256.80 35.51 79.96 30.78
257.00 257.00 35.71 80.21 30.96
257.20 257.20 35.91 80.49 31.15
257.40 257.40 36.13 80.83 31.40
257.60 257.60 36.33 81.19 31.66
257.80 257.80 36.49 81.54 31.89
258.00 258.00 36.61 81.86 32.08
258.20 258.20 36.66 82.11 32.20
258.40 258.40 36.48 82.15 32.09
258.60 258.60 36.26 82.13 31.92
258.80 258.80 35.99 82.08 31.72
259.00 259.00 35.72 82.01 31.51
259.20 259.20 35.50 81.98 31.37
259.40 259.40 35.38 82.03 31.38
259.60 259.60 35.29 82.11 31.42
259.80 259.80 35.23 82.19 31.47
260.00 260.00 35.21 82.29 31.51
260.20 260.20 35.21 82.38 31.52
260.40 260.40 35.23 82.45 31.43
260.60 260.60 35.28 82.53 31.33
260.80 260.80 35.36 82.65 31.24
261.00 261.00 35.45 82.81 31.16
261.20 261.20 35.61 83.11 31.15
261.40 261.40 35.80 83.49 31.20
261.60 261.60 35.99 83.90 31.25
261.80 261.80 36.15 84.28 31.30
262.00 262.00 36.26 84.61 31.33
262.20 262.20 36.18 84.73 31.26
262.40 262.40 36.06 84.79 31.17
262.60 262.60 35.91 84.80 31.06
262.80 262.80 35.77 84.78 30.96
263.00 263.00 35.67 84.77 30.88
263.20 263.20 35.70 84.82 30.87
263.40 263.40 35.74 84.86 30.87
263.60 263.60 35.80 84.88 30.87
263.80 263.80 35.85 84.87 30.87
264.00 264.00 35.85 84.81 30.85
264.20 264.20 35.76 84.63 30.76
264.40 264.40 35.65 84.44 30.68
264.60 264.60 35.55 84.25 30.62
264.80 264.80 35.46 84.09 30.59
265.00 265.00 35.45 84.04 30.65
265.20 265.20 35.56 84.15 30.85
265.40 265.40 35.69 84.29 31.07
265.60 265.60 35.81 84.44 31.28
265.80 265.80 35.91 84.56 31.46
266.00 266.00 35.88 84.55 31.49
266.20 266.20 35.76 84.42 31.39
266.40 266.40 35.60 84.25 31.25
266.60 266.60 35.43 84.07 31.07
266.80 266.80 35.27 83.87 30.89
267.00 267.00 35.16 83.73 30.76
267.20 267.20 35.11 83.62 30.67
267.40 267.40 35.07 83.52 30.57
267.60 267.60 35.04 83.42 30.48
267.80 267.80 35.03 83.33 30.39
268.00 268.00 35.00 83.19 30.26
268.20 268.20 34.96 83.04 30.11
268.40 268.40 34.94 82.91 29.97
268.60 268.60 34.93 82.83 29.84
268.80 268.80 34.96 82.80 29.74
269.00 269.00 35.06 82.97 29.71
269.20 269.20 35.22 83.28 29.74
269.40 269.40 35.38 83.61 29.79
269.60 269.60 35.54 83.95 29.84
269.80 269.80 35.68 84.26 29.88
270.00 270.00 35.73 84.40 29.85
270.20 270.20 35.73 84.45 29.80
270.40 270.40 35.70 84.45 29.74
270.60 270.60 35.66 84.41 29.67
270.80 270.80 35.60 84.33 29.61
271.00 271.00 35.54 84.23 29.58
271.20 271.20 35.48 84.11 29.56
271.40 271.40 35.41 83.96 29.54
271.60 271.60 35.33 83.78 29.52
271.80 271.80 35.26 83.58 29.50
272.00 272.00 35.16 83.33 29.45
272.20 272.20 35.06 83.07 29.40
272.40 272.40 34.99 82.82 29.36
272.60 272.60 34.95 82.60 29.35
272.80 272.80 34.97 82.44 29.36
273.00 273.00 35.09 82.42 29.44
273.20 273.20 35.24 82.43 29.54
273.40 273.40 35.41 82.45 29.66
273.60 273.60 35.58 82.48 29.80
273.80 273.80 35.70 82.48 29.95
274.00 274.00 35.77 82.42 30.12
274.20 274.20 35.82 82.35 30.28
274.40 274.40 35.86 82.26 30.40
274.60 274.60 35.87 82.15 30.48
274.80 274.80 35.87 82.00 30.38
275.00 275.00 35.85 81.82 30.21
275.20 275.20 35.82 81.64 30.02
275.40 275.40 35.78 81.45 29.84
275.60 275.60 35.74 81.25 29.70
275.80 275.80 35.66 81.04 29.78
276.00 276.00 35.58 80.85 29.90
276.20 276.20 35.52 80.67 30.05
276.40 276.40 35.48 80.53 30.20
276.60 276.60 35.49 80.43 30.30
276.80 276.80 35.55 80.37 30.29
277.00 277.00 35.66 80.38 30.28
277.20 277.20 35.81 80.48 30.31
277.40 277.40 35.99 80.67 30.39
277.60 277.60 36.29 81.17 30.75
277.80 277.80 36.62 81.77 31.19
278.00 278.00 36.94 82.39 31.62
278.20 278.20 37.20 82.94 31.98
278.40 278.40 37.31 83.24 32.09
278.60 278.60 37.22 83.21 31.86
278.80 278.80 37.07 83.07 31.55
279.00 279.00 36.88 82.87 31.19
279.20 279.20 36.67 82.63 30.83
279.40 279.40 36.54 82.53 30.71
279.60 279.60 36.43 82.46 30.68
279.80 279.80 36.33 82.39 30.68
280.00 280.00 36.25 82.31 30.69
280.20 280.20 36.17 82.19 30.71
280.40 280.40 36.05 81.91 30.61
280.60 280.60 35.96 81.64 30.52
280.80 280.80 35.92 81.41 30.46
281.00 281.00 35.93 81.27 30.45
281.20 281.20 36.06 81.34 30.58
281.40 281.40 36.32 81.64 30.86
281.60 281.60 36.64 82.04 31.17
281.80 281.80 36.99 82.53 31.50
282.00 282.00 37.36 83.07 31.83
282.20 282.20 37.78 83.69 32.10
282.40 282.40 38.18 84.32 32.33
282.60 282.60 38.51 84.93 32.50
282.80 282.80 38.76 85.50 32.60
283.00 283.00 38.81 85.92 32.60
283.20 283.20 38.58 86.14 32.44
283.40 283.40 38.25 86.28 32.21
283.60 283.60 37.83 86.34 31.93
283.80 283.80 37.36 86.35 31.61
284.00 284.00 36.88 86.31 31.28
284.20 284.20 36.41 86.24 30.94
284.40 284.40 35.95 86.16 30.61
284.60 284.60 35.52 86.07 30.29
284.80 284.80 35.14 85.99 30.00
285.00 285.00 34.88 86.00 29.79
285.20 285.20 34.70 86.06 29.63
285.40 285.40 34.58 86.12 29.51
285.60 285.60 34.49 86.19 29.41
285.80 285.80 34.44 86.24 29.34
286.00 286.00 34.43 86.27 29.32
286.20 286.20 34.43 86.27 29.32
286.40 286.40 34.43 86.22 29.32
286.60 286.60 34.42 86.11 29.32
286.80 286.80 34.38 85.93 29.29
287.00 287.00 34.20 85.56 29.18
287.20 287.20 33.98 85.11 29.03
287.40 287.40 33.73 84.59 28.86
287.60 287.60 33.47 84.03 28.69
287.80 287.80 33.21 83.45 28.51
288.00 288.00 32.95 82.81 28.34
288.20 288.20 32.71 82.18 28.17
288.40 288.40 32.51 81.57 28.04
288.60 288.60 32.38 81.03 27.94
288.80 288.80 32.32 80.56 27.90
289.00 289.00 32.46 80.32 27.97
289.20 289.20 32.77 80.25 28.13
289.40 289.40 33.13 80.27 28.34
289.60 289.60 33.53 80.36 28.57
289.80 289.80 33.94 80.51 28.80
290.00 290.00 34.28 80.65 29.01
290.20 290.20 34.54 80.78 29.17
290.40 290.40 34.77 80.94 29.32
290.60 290.60 34.98 81.11 29.45
290.80 290.80 35.17 81.29 29.56
291.00 291.00 35.35 81.48 29.64
291.20 291.20 35.51 81.66 29.68
291.40 291.40 35.66 81.86 29.71
291.60 291.60 35.79 82.07 29.73
291.80 291.80 35.92 82.30 29.75
292.00 292.00 36.03 82.57 29.80
292.20 292.20 36.15 82.90 29.91
292.40 292.40 36.25 83.25 30.01
292.60 292.60 36.34 83.59 30.09
292.80 292.80 36.42 83.94 30.14
293.00 293.00 36.48 84.27 30.11
293.20 293.20 36.54 84.59 29.97
293.40 293.40 36.57 84.87 29.79
293.60 293.60 36.56 85.11 29.56
293.80 293.80 36.50 85.28 29.29
294.00 294.00 36.36 85.36 29.00
294.20 294.20 36.08 85.29 28.68
294.40 294.40 35.75 85.15 28.35
294.60 294.60 35.39 84.94 28.03
294.80 294.80 35.01 84.66 27.72
295.00 295.00 34.62 84.33 27.43
295.20 295.20 34.26 83.89 27.21
295.40 295.40 33.92 83.42 27.02
295.60 295.60 33.61 82.95 26.88
295.80 295.80 33.34 82.48 26.78
296.00 296.00 33.12 82.05 26.72
296.20 296.20 33.05 81.76 26.77
296.40 296.40 33.06 81.56 26.87
296.60 296.60 33.11 81.40 27.00
296.80 296.80 33.19 81.29 27.15
297.00 297.00 33.29 81.21 27.31
297.20 297.20 33.39 81.19 27.45
297.40 297.40 33.48 81.20 27.56
297.60 297.60 33.56 81.22 27.66
297.80 297.80 33.62 81.24 27.74
298.00 298.00 33.65 81.25 27.81
298.20 298.20 33.64 81.23 27.85
298.40 298.40 33.58 81.17 27.86
298.60 298.60 33.46 81.06 27.85
298.80 298.80 33.28 80.89 27.80
299.00 299.00 33.02 80.64 27.72
