 TIEMPO VFSC VFSCd VFSCi PAMn PAMi PIC ETCO2 FC EEG1 EEG2 PCC RAP IP PDn PDi PSn PSi OTRA1 OTRA2
 0.20 0.00 50.26 33.95 76.87 0.00 0.00 0.00 0.00 0.00 0.00 -4.73 2.41 0.00 0.00 0.00 0.00 0.00 0.00 0.00
 0.40 0.00 50.87 34.46 77.09 0.00 0.00 0.00 0.00 0.00 0.00 -2.12 2.31 0.00 0.00 0.00 0.00 0.00 0.00 0.00
 0.60 0.00 51.47 34.90 77.31 0.00 0.00 0.00 0.00 0.00 0.00 -0.01 2.23 0.00 0.00 0.00 0.00 0.00 0.00 0.00
 0.80 0.00 52.05 35.26 77.53 0.00 0.00 0.00 0.00 0.00 0.00 1.61 2.16 0.00 0.00 0.00 0.00 0.00 0.00 0.00
 1.00 0.00 52.61 35.55 77.75 0.00 0.00 0.00 0.00 0.00 0.00 2.74 2.12 0.00 0.00 0.00 0.00 0.00 0.00 0.00
 1.20 0.00 53.06 35.80 77.91 0.00 0.00 0.00 0.00 0.00 0.00 3.65 2.08 0.00 0.00 0.00 0.00 0.00 0.00 0.00
 1.40 0.00 53.81 35.84 78.19 0.00 0.00 0.00 0.00 0.00 0.00 3.45 2.09 0.00 0.00 0.00 0.00 0.00 0.00 0.00
 1.60 0.00 54.39 35.87 78.43 0.00 0.00 0.00 0.00 0.00 0.00 2.92 2.11 0.00 0.00 0.00 0.00 0.00 0.00 0.00
 1.80 0.00 54.95 35.86 78.64 0.00 0.00 0.00 0.00 0.00 0.00 2.07 2.13 0.00 0.00 0.00 0.00 0.00 0.00 0.00
 2.00 0.00 55.01 35.90 78.81 0.00 0.00 0.00 0.00 0.00 0.00 1.10 2.17 0.00 0.00 0.00 0.00 0.00 0.00 0.00
 2.20 0.00 55.01 35.92 79.01 0.00 0.00 0.00 0.00 0.00 0.00 -1.90 2.25 0.00 0.00 0.00 0.00 0.00 0.00 0.00
 2.40 0.00 55.39 35.87 79.13 0.00 0.00 0.00 0.00 0.00 0.00 -4.02 2.32 0.00 0.00 0.00 0.00 0.00 0.00 0.00
 2.60 0.00 54.83 35.84 79.32 0.00 0.00 0.00 0.00 0.00 0.00 -5.20 2.36 0.00 0.00 0.00 0.00 0.00 0.00 0.00
 2.80 0.00 54.43 35.76 79.03 0.00 0.00 0.00 0.00 0.00 0.00 -5.69 2.37 0.00 0.00 0.00 0.00 0.00 0.00 0.00
 3.00 0.00 54.19 35.63 78.85 0.00 0.00 0.00 0.00 0.00 0.00 -5.22 2.36 0.00 0.00 0.00 0.00 0.00 0.00 0.00
 3.20 0.00 54.00 35.51 78.61 0.00 0.00 0.00 0.00 0.00 0.00 -8.49 2.44 0.00 0.00 0.00 0.00 0.00 0.00 0.00
 3.40 0.00 54.51 35.09 78.89 0.00 0.00 0.00 0.00 0.00 0.00 0.53 2.22 0.00 0.00 0.00 0.00 0.00 0.00 0.00
 3.60 0.00 54.85 34.78 79.14 0.00 0.00 0.00 0.00 0.00 0.00 6.79 2.07 0.00 0.00 0.00 0.00 0.00 0.00 0.00
 3.80 0.00 55.21 34.52 79.17 0.00 0.00 0.00 0.00 0.00 0.00 15.89 1.83 0.00 0.00 0.00 0.00 0.00 0.00 0.00
 4.00 0.00 54.88 34.49 79.59 0.00 0.00 0.00 0.00 0.00 0.00 10.61 2.00 0.00 0.00 0.00 0.00 0.00 0.00 0.00
 4.20 0.00 54.63 34.51 79.87 0.00 0.00 0.00 0.00 0.00 0.00 5.64 2.15 0.00 0.00 0.00 0.00 0.00 0.00 0.00
 4.40 0.00 54.27 34.32 80.02 0.00 0.00 0.00 0.00 0.00 0.00 0.97 2.29 0.00 0.00 0.00 0.00 0.00 0.00 0.00
 4.60 0.00 54.43 34.81 80.04 0.00 0.00 0.00 0.00 0.00 0.00 -3.24 2.41 0.00 0.00 0.00 0.00 0.00 0.00 0.00
 4.80 0.00 54.51 35.10 79.81 0.00 0.00 0.00 0.00 0.00 0.00 -9.08 2.54 0.00 0.00 0.00 0.00 0.00 0.00 0.00
 5.00 0.00 54.41 35.43 79.54 0.00 0.00 0.00 0.00 0.00 0.00 -12.90 2.63 0.00 0.00 0.00 0.00 0.00 0.00 0.00
 5.20 0.00 54.42 34.99 79.24 0.00 0.00 0.00 0.00 0.00 0.00 -14.81 2.67 0.00 0.00 0.00 0.00 0.00 0.00 0.00
 5.40 0.00 54.27 34.58 79.01 0.00 0.00 0.00 0.00 0.00 0.00 -12.93 2.65 0.00 0.00 0.00 0.00 0.00 0.00 0.00
 5.60 0.00 54.40 34.18 78.66 0.00 0.00 0.00 0.00 0.00 0.00 -10.63 2.60 0.00 0.00 0.00 0.00 0.00 0.00 0.00
 5.80 0.00 53.15 33.84 78.19 0.00 0.00 0.00 0.00 0.00 0.00 -7.93 2.53 0.00 0.00 0.00 0.00 0.00 0.00 0.00
 6.00 0.00 52.24 33.51 77.24 0.00 0.00 0.00 0.00 0.00 0.00 -2.92 2.38 0.00 0.00 0.00 0.00 0.00 0.00 0.00
 6.20 0.00 51.36 33.30 76.25 0.00 0.00 0.00 0.00 0.00 0.00 2.84 2.18 0.00 0.00 0.00 0.00 0.00 0.00 0.00
 6.40 0.00 51.69 32.84 76.11 0.00 0.00 0.00 0.00 0.00 0.00 2.42 2.23 0.00 0.00 0.00 0.00 0.00 0.00 0.00
 6.60 0.00 52.00 32.52 76.06 0.00 0.00 0.00 0.00 0.00 0.00 1.71 2.28 0.00 0.00 0.00 0.00 0.00 0.00 0.00
 6.80 0.00 52.29 32.25 76.12 0.00 0.00 0.00 0.00 0.00 0.00 2.65 2.28 0.00 0.00 0.00 0.00 0.00 0.00 0.00
 7.00 0.00 52.55 32.35 76.22 0.00 0.00 0.00 0.00 0.00 0.00 -0.78 2.38 0.00 0.00 0.00 0.00 0.00 0.00 0.00
 7.20 0.00 52.79 32.48 76.42 0.00 0.00 0.00 0.00 0.00 0.00 -3.40 2.46 0.00 0.00 0.00 0.00 0.00 0.00 0.00
 7.40 0.00 53.05 32.65 76.62 0.00 0.00 0.00 0.00 0.00 0.00 -5.34 2.52 0.00 0.00 0.00 0.00 0.00 0.00 0.00
 7.60 0.00 53.21 32.84 77.13 0.00 0.00 0.00 0.00 0.00 0.00 -6.20 2.54 0.00 0.00 0.00 0.00 0.00 0.00 0.00
 7.80 0.00 53.39 33.07 77.68 0.00 0.00 0.00 0.00 0.00 0.00 -6.31 2.55 0.00 0.00 0.00 0.00 0.00 0.00 0.00
 8.00 0.00 53.52 33.16 78.01 0.00 0.00 0.00 0.00 0.00 0.00 -10.07 2.67 0.00 0.00 0.00 0.00 0.00 0.00 0.00
 8.20 0.00 53.92 33.72 78.95 0.00 0.00 0.00 0.00 0.00 0.00 -3.97 2.47 0.00 0.00 0.00 0.00 0.00 0.00 0.00
 8.40 0.00 54.24 34.12 79.77 0.00 0.00 0.00 0.00 0.00 0.00 0.38 2.34 0.00 0.00 0.00 0.00 0.00 0.00 0.00
 8.60 0.00 54.44 34.58 80.05 0.00 0.00 0.00 0.00 0.00 0.00 5.92 2.13 0.00 0.00 0.00 0.00 0.00 0.00 0.00
 8.80 0.00 54.67 34.24 81.12 0.00 0.00 0.00 0.00 0.00 0.00 3.55 2.26 0.00 0.00 0.00 0.00 0.00 0.00 0.00
 9.00 0.00 54.77 34.04 81.83 0.00 0.00 0.00 0.00 0.00 0.00 1.13 2.37 0.00 0.00 0.00 0.00 0.00 0.00 0.00
 9.20 0.00 54.87 33.73 82.25 0.00 0.00 0.00 0.00 0.00 0.00 0.19 2.57 0.00 0.00 0.00 0.00 0.00 0.00 0.00
 9.40 0.00 54.39 34.29 82.17 0.00 0.00 0.00 0.00 0.00 0.00 -4.09 2.52 0.00 0.00 0.00 0.00 0.00 0.00 0.00
 9.60 0.00 54.01 34.62 81.76 0.00 0.00 0.00 0.00 0.00 0.00 -7.46 2.52 0.00 0.00 0.00 0.00 0.00 0.00 0.00
 9.80 0.00 53.70 35.03 82.58 0.00 0.00 0.00 0.00 0.00 0.00 -11.50 2.31 0.00 0.00 0.00 0.00 0.00 0.00 0.00
 10.00 0.00 53.51 34.21 79.63 0.00 0.00 0.00 0.00 0.00 0.00 -11.09 2.73 0.00 0.00 0.00 0.00 0.00 0.00 0.00
 10.20 0.00 53.39 33.71 77.49 0.00 0.00 0.00 0.00 0.00 0.00 -10.93 3.01 0.00 0.00 0.00 0.00 0.00 0.00 0.00
 10.40 0.00 53.32 33.40 74.86 0.00 0.00 0.00 0.00 0.00 0.00 -10.31 3.38 0.00 0.00 0.00 0.00 0.00 0.00 0.00
 10.60 0.00 53.49 34.04 76.14 0.00 0.00 0.00 0.00 0.00 0.00 -11.57 3.08 0.00 0.00 0.00 0.00 0.00 0.00 0.00
 10.80 0.00 53.63 34.57 77.09 0.00 0.00 0.00 0.00 0.00 0.00 -12.47 2.84 0.00 0.00 0.00 0.00 0.00 0.00 0.00
 11.00 0.00 53.75 34.99 78.08 0.00 0.00 0.00 0.00 0.00 0.00 -12.95 2.61 0.00 0.00 0.00 0.00 0.00 0.00 0.00
 11.20 0.00 53.76 35.24 77.70 0.00 0.00 0.00 0.00 0.00 0.00 -13.18 2.59 0.00 0.00 0.00 0.00 0.00 0.00 0.00
 11.40 0.00 53.69 35.49 77.44 0.00 0.00 0.00 0.00 0.00 0.00 -12.98 2.56 0.00 0.00 0.00 0.00 0.00 0.00 0.00
 11.60 0.00 53.97 35.60 77.17 0.00 0.00 0.00 0.00 0.00 0.00 -12.85 2.53 0.00 0.00 0.00 0.00 0.00 0.00 0.00
 11.80 0.00 54.24 35.69 77.44 0.00 0.00 0.00 0.00 0.00 0.00 -10.74 2.47 0.00 0.00 0.00 0.00 0.00 0.00 0.00
 12.00 0.00 54.25 35.73 77.60 0.00 0.00 0.00 0.00 0.00 0.00 -9.06 2.43 0.00 0.00 0.00 0.00 0.00 0.00 0.00
 12.20 0.00 54.75 35.80 77.69 0.00 0.00 0.00 0.00 0.00 0.00 -7.78 2.39 0.00 0.00 0.00 0.00 0.00 0.00 0.00
 12.40 0.00 55.07 35.83 77.48 0.00 0.00 0.00 0.00 0.00 0.00 -7.17 2.36 0.00 0.00 0.00 0.00 0.00 0.00 0.00
 12.60 0.00 55.54 36.00 77.30 0.00 0.00 0.00 0.00 0.00 0.00 -6.84 2.35 0.00 0.00 0.00 0.00 0.00 0.00 0.00
 12.80 0.00 54.99 35.70 77.18 0.00 0.00 0.00 0.00 0.00 0.00 -6.50 2.34 0.00 0.00 0.00 0.00 0.00 0.00 0.00
 13.00 0.00 54.55 35.52 76.86 0.00 0.00 0.00 0.00 0.00 0.00 -8.86 2.41 0.00 0.00 0.00 0.00 0.00 0.00 0.00
 13.20 0.00 54.25 35.34 76.16 0.00 0.00 0.00 0.00 0.00 0.00 -18.31 2.68 0.00 0.00 0.00 0.00 0.00 0.00 0.00
 13.40 0.00 54.03 35.62 76.95 0.00 0.00 0.00 0.00 0.00 0.00 -7.93 2.39 0.00 0.00 0.00 0.00 0.00 0.00 0.00
 13.60 0.00 53.94 35.87 77.64 0.00 0.00 0.00 0.00 0.00 0.00 -0.56 2.19 0.00 0.00 0.00 0.00 0.00 0.00 0.00
 13.80 0.00 53.76 36.05 77.93 0.00 0.00 0.00 0.00 0.00 0.00 11.97 1.84 0.00 0.00 0.00 0.00 0.00 0.00 0.00
 14.00 0.00 54.41 36.34 78.73 0.00 0.00 0.00 0.00 0.00 0.00 4.43 2.05 0.00 0.00 0.00 0.00 0.00 0.00 0.00
 14.20 0.00 54.86 36.52 79.26 0.00 0.00 0.00 0.00 0.00 0.00 -1.40 2.21 0.00 0.00 0.00 0.00 0.00 0.00 0.00
 14.40 0.00 55.22 36.64 80.09 0.00 0.00 0.00 0.00 0.00 0.00 -6.61 2.36 0.00 0.00 0.00 0.00 0.00 0.00 0.00
 14.60 0.00 55.04 36.55 79.41 0.00 0.00 0.00 0.00 0.00 0.00 -7.79 2.38 0.00 0.00 0.00 0.00 0.00 0.00 0.00
 14.80 0.00 54.83 36.42 78.81 0.00 0.00 0.00 0.00 0.00 0.00 -7.92 2.38 0.00 0.00 0.00 0.00 0.00 0.00 0.00
 15.00 0.00 54.61 36.21 78.19 0.00 0.00 0.00 0.00 0.00 0.00 -14.61 2.57 0.00 0.00 0.00 0.00 0.00 0.00 0.00
 15.20 0.00 54.27 36.00 77.84 0.00 0.00 0.00 0.00 0.00 0.00 -4.40 2.28 0.00 0.00 0.00 0.00 0.00 0.00 0.00
 15.40 0.00 53.93 35.71 77.50 0.00 0.00 0.00 0.00 0.00 0.00 2.52 2.09 0.00 0.00 0.00 0.00 0.00 0.00 0.00
 15.60 0.00 53.74 35.53 77.63 0.00 0.00 0.00 0.00 0.00 0.00 16.06 1.69 0.00 0.00 0.00 0.00 0.00 0.00 0.00
 15.80 0.00 53.19 34.73 76.85 0.00 0.00 0.00 0.00 0.00 0.00 5.67 2.03 0.00 0.00 0.00 0.00 0.00 0.00 0.00
 16.00 0.00 52.82 34.12 76.34 0.00 0.00 0.00 0.00 0.00 0.00 -2.28 2.29 0.00 0.00 0.00 0.00 0.00 0.00 0.00
 16.20 0.00 52.36 33.57 75.21 0.00 0.00 0.00 0.00 0.00 0.00 -11.68 2.59 0.00 0.00 0.00 0.00 0.00 0.00 0.00
 16.40 0.00 52.92 33.61 76.29 0.00 0.00 0.00 0.00 0.00 0.00 -10.38 2.58 0.00 0.00 0.00 0.00 0.00 0.00 0.00
 16.60 0.00 53.25 33.66 77.09 0.00 0.00 0.00 0.00 0.00 0.00 -9.02 2.56 0.00 0.00 0.00 0.00 0.00 0.00 0.00
 16.80 0.00 53.46 33.75 78.28 0.00 0.00 0.00 0.00 0.00 0.00 -9.88 2.61 0.00 0.00 0.00 0.00 0.00 0.00 0.00
 17.00 0.00 53.14 33.72 77.79 0.00 0.00 0.00 0.00 0.00 0.00 -5.82 2.48 0.00 0.00 0.00 0.00 0.00 0.00 0.00
 17.20 0.00 52.76 33.75 77.43 0.00 0.00 0.00 0.00 0.00 0.00 -3.11 2.39 0.00 0.00 0.00 0.00 0.00 0.00 0.00
 17.40 0.00 52.36 33.77 76.93 0.00 0.00 0.00 0.00 0.00 0.00 2.71 2.21 0.00 0.00 0.00 0.00 0.00 0.00 0.00
 17.60 0.00 51.80 34.10 77.18 0.00 0.00 0.00 0.00 0.00 0.00 -2.54 2.35 0.00 0.00 0.00 0.00 0.00 0.00 0.00
 17.80 0.00 51.23 34.36 77.38 0.00 0.00 0.00 0.00 0.00 0.00 -6.21 2.44 0.00 0.00 0.00 0.00 0.00 0.00 0.00
 18.00 0.00 50.84 34.49 77.70 0.00 0.00 0.00 0.00 0.00 0.00 -10.36 2.56 0.00 0.00 0.00 0.00 0.00 0.00 0.00
 18.20 0.00 49.83 34.77 77.61 0.00 0.00 0.00 0.00 0.00 0.00 -8.43 2.48 0.00 0.00 0.00 0.00 0.00 0.00 0.00
 18.40 0.00 49.16 34.87 77.58 0.00 0.00 0.00 0.00 0.00 0.00 -6.25 2.41 0.00 0.00 0.00 0.00 0.00 0.00 0.00
 18.60 0.00 48.56 35.08 77.41 0.00 0.00 0.00 0.00 0.00 0.00 -8.28 2.42 0.00 0.00 0.00 0.00 0.00 0.00 0.00
 18.80 0.00 49.19 34.26 77.72 0.00 0.00 0.00 0.00 0.00 0.00 -0.60 2.26 0.00 0.00 0.00 0.00 0.00 0.00 0.00
 19.00 0.00 49.72 33.68 77.97 0.00 0.00 0.00 0.00 0.00 0.00 4.64 2.16 0.00 0.00 0.00 0.00 0.00 0.00 0.00
 19.20 0.00 50.04 32.96 78.20 0.00 0.00 0.00 0.00 0.00 0.00 14.06 1.98 0.00 0.00 0.00 0.00 0.00 0.00 0.00
 19.40 0.00 50.51 33.57 78.27 0.00 0.00 0.00 0.00 0.00 0.00 7.24 2.13 0.00 0.00 0.00 0.00 0.00 0.00 0.00
 19.60 0.00 50.75 33.97 78.31 0.00 0.00 0.00 0.00 0.00 0.00 1.61 2.26 0.00 0.00 0.00 0.00 0.00 0.00 0.00
 19.80 0.00 51.21 34.51 78.31 0.00 0.00 0.00 0.00 0.00 0.00 -2.83 2.38 0.00 0.00 0.00 0.00 0.00 0.00 0.00
 20.00 0.00 50.38 33.89 78.28 0.00 0.00 0.00 0.00 0.00 0.00 -6.09 2.47 0.00 0.00 0.00 0.00 0.00 0.00 0.00
 20.20 0.00 49.71 33.38 78.24 0.00 0.00 0.00 0.00 0.00 0.00 -7.96 2.57 0.00 0.00 0.00 0.00 0.00 0.00 0.00
 20.40 0.00 49.02 32.85 78.14 0.00 0.00 0.00 0.00 0.00 0.00 -8.81 2.62 0.00 0.00 0.00 0.00 0.00 0.00 0.00
 20.60 0.00 48.93 32.73 78.04 0.00 0.00 0.00 0.00 0.00 0.00 -9.30 2.66 0.00 0.00 0.00 0.00 0.00 0.00 0.00
 20.80 0.00 48.87 32.63 77.56 0.00 0.00 0.00 0.00 0.00 0.00 -5.72 2.55 0.00 0.00 0.00 0.00 0.00 0.00 0.00
 21.00 0.00 48.62 32.60 77.22 0.00 0.00 0.00 0.00 0.00 0.00 -3.07 2.46 0.00 0.00 0.00 0.00 0.00 0.00 0.00
 21.20 0.00 48.86 32.48 76.93 0.00 0.00 0.00 0.00 0.00 0.00 -0.29 2.37 0.00 0.00 0.00 0.00 0.00 0.00 0.00
 21.40 0.00 49.01 32.42 77.07 0.00 0.00 0.00 0.00 0.00 0.00 -2.34 2.45 0.00 0.00 0.00 0.00 0.00 0.00 0.00
 21.60 0.00 49.05 32.41 77.20 0.00 0.00 0.00 0.00 0.00 0.00 -3.27 2.48 0.00 0.00 0.00 0.00 0.00 0.00 0.00
 21.80 0.00 49.00 32.45 77.34 0.00 0.00 0.00 0.00 0.00 0.00 -5.21 2.55 0.00 0.00 0.00 0.00 0.00 0.00 0.00
 22.00 0.00 48.57 32.58 77.35 0.00 0.00 0.00 0.00 0.00 0.00 0.13 2.38 0.00 0.00 0.00 0.00 0.00 0.00 0.00
 22.20 0.00 48.30 32.72 77.39 0.00 0.00 0.00 0.00 0.00 0.00 3.96 2.25 0.00 0.00 0.00 0.00 0.00 0.00 0.00
 22.40 0.00 48.13 32.84 77.30 0.00 0.00 0.00 0.00 0.00 0.00 8.80 2.09 0.00 0.00 0.00 0.00 0.00 0.00 0.00
 22.60 0.00 48.41 33.05 77.66 0.00 0.00 0.00 0.00 0.00 0.00 5.83 2.18 0.00 0.00 0.00 0.00 0.00 0.00 0.00
 22.80 0.00 48.64 33.20 77.90 0.00 0.00 0.00 0.00 0.00 0.00 3.56 2.24 0.00 0.00 0.00 0.00 0.00 0.00 0.00
 23.00 0.00 48.80 33.32 78.14 0.00 0.00 0.00 0.00 0.00 0.00 0.92 2.32 0.00 0.00 0.00 0.00 0.00 0.00 0.00
 23.20 0.00 49.01 33.30 78.04 0.00 0.00 0.00 0.00 0.00 0.00 1.31 2.30 0.00 0.00 0.00 0.00 0.00 0.00 0.00
 23.40 0.00 49.13 33.26 77.90 0.00 0.00 0.00 0.00 0.00 0.00 1.73 2.29 0.00 0.00 0.00 0.00 0.00 0.00 0.00
 23.60 0.00 49.30 33.37 77.71 0.00 0.00 0.00 0.00 0.00 0.00 2.17 2.27 0.00 0.00 0.00 0.00 0.00 0.00 0.00
 23.80 0.00 49.01 33.09 77.47 0.00 0.00 0.00 0.00 0.00 0.00 2.64 2.25 0.00 0.00 0.00 0.00 0.00 0.00 0.00
 24.00 0.00 48.76 32.95 77.08 0.00 0.00 0.00 0.00 0.00 0.00 3.12 2.24 0.00 0.00 0.00 0.00 0.00 0.00 0.00
 24.20 0.00 48.57 32.48 76.74 0.00 0.00 0.00 0.00 0.00 0.00 3.64 2.22 0.00 0.00 0.00 0.00 0.00 0.00 0.00
 24.40 0.00 48.39 33.18 76.48 0.00 0.00 0.00 0.00 0.00 0.00 3.65 2.21 0.00 0.00 0.00 0.00 0.00 0.00 0.00
 24.60 0.00 48.27 33.70 76.21 0.00 0.00 0.00 0.00 0.00 0.00 6.37 2.09 0.00 0.00 0.00 0.00 0.00 0.00 0.00
 24.80 0.00 48.17 34.50 76.05 0.00 0.00 0.00 0.00 0.00 0.00 7.48 2.02 0.00 0.00 0.00 0.00 0.00 0.00 0.00
 25.00 0.00 48.20 34.16 75.90 0.00 0.00 0.00 0.00 0.00 0.00 9.74 1.93 0.00 0.00 0.00 0.00 0.00 0.00 0.00
 25.20 0.00 48.27 33.89 76.13 0.00 0.00 0.00 0.00 0.00 0.00 1.19 2.21 0.00 0.00 0.00 0.00 0.00 0.00 0.00
 25.40 0.00 48.37 33.69 76.32 0.00 0.00 0.00 0.00 0.00 0.00 -4.52 2.40 0.00 0.00 0.00 0.00 0.00 0.00 0.00
 25.60 0.00 48.50 33.57 76.39 0.00 0.00 0.00 0.00 0.00 0.00 -13.03 2.66 0.00 0.00 0.00 0.00 0.00 0.00 0.00
 25.80 0.00 48.76 33.53 76.65 0.00 0.00 0.00 0.00 0.00 0.00 -4.04 2.41 0.00 0.00 0.00 0.00 0.00 0.00 0.00
 26.00 0.00 48.99 33.57 76.79 0.00 0.00 0.00 0.00 0.00 0.00 2.31 2.22 0.00 0.00 0.00 0.00 0.00 0.00 0.00
 26.20 0.00 49.21 33.62 77.04 0.00 0.00 0.00 0.00 0.00 0.00 11.66 1.96 0.00 0.00 0.00 0.00 0.00 0.00 0.00
 26.40 0.00 49.31 33.96 76.65 0.00 0.00 0.00 0.00 0.00 0.00 5.72 2.10 0.00 0.00 0.00 0.00 0.00 0.00 0.00
 26.60 0.00 49.43 34.26 76.30 0.00 0.00 0.00 0.00 0.00 0.00 0.90 2.21 0.00 0.00 0.00 0.00 0.00 0.00 0.00
 26.80 0.00 49.41 34.55 75.99 0.00 0.00 0.00 0.00 0.00 0.00 -2.80 2.29 0.00 0.00 0.00 0.00 0.00 0.00 0.00
 27.00 0.00 49.76 34.76 75.71 0.00 0.00 0.00 0.00 0.00 0.00 -5.39 2.34 0.00 0.00 0.00 0.00 0.00 0.00 0.00
 27.20 0.00 49.99 34.96 75.46 0.00 0.00 0.00 0.00 0.00 0.00 -5.36 2.32 0.00 0.00 0.00 0.00 0.00 0.00 0.00
 27.40 0.00 50.73 35.26 75.26 0.00 0.00 0.00 0.00 0.00 0.00 -5.50 2.30 0.00 0.00 0.00 0.00 0.00 0.00 0.00
 27.60 0.00 49.99 35.29 75.08 0.00 0.00 0.00 0.00 0.00 0.00 -5.38 2.28 0.00 0.00 0.00 0.00 0.00 0.00 0.00
 27.80 0.00 49.50 35.36 74.95 0.00 0.00 0.00 0.00 0.00 0.00 -6.84 2.32 0.00 0.00 0.00 0.00 0.00 0.00 0.00
 28.00 0.00 49.25 35.48 74.85 0.00 0.00 0.00 0.00 0.00 0.00 -7.80 2.33 0.00 0.00 0.00 0.00 0.00 0.00 0.00
 28.20 0.00 49.18 35.63 74.83 0.00 0.00 0.00 0.00 0.00 0.00 -8.85 2.36 0.00 0.00 0.00 0.00 0.00 0.00 0.00
 28.40 0.00 49.89 35.92 74.69 0.00 0.00 0.00 0.00 0.00 0.00 -7.89 2.31 0.00 0.00 0.00 0.00 0.00 0.00 0.00
 28.60 0.00 50.45 36.20 74.63 0.00 0.00 0.00 0.00 0.00 0.00 -6.95 2.26 0.00 0.00 0.00 0.00 0.00 0.00 0.00
 28.80 0.00 51.03 36.44 74.55 0.00 0.00 0.00 0.00 0.00 0.00 -5.33 2.20 0.00 0.00 0.00 0.00 0.00 0.00 0.00
 29.00 0.00 50.84 36.77 74.76 0.00 0.00 0.00 0.00 0.00 0.00 -5.26 2.19 0.00 0.00 0.00 0.00 0.00 0.00 0.00
 29.20 0.00 50.81 37.05 74.99 0.00 0.00 0.00 0.00 0.00 0.00 -4.77 2.16 0.00 0.00 0.00 0.00 0.00 0.00 0.00
 29.40 0.00 50.74 37.29 75.18 0.00 0.00 0.00 0.00 0.00 0.00 -7.35 2.22 0.00 0.00 0.00 0.00 0.00 0.00 0.00
 29.60 0.00 51.41 37.39 75.47 0.00 0.00 0.00 0.00 0.00 0.00 -2.40 2.08 0.00 0.00 0.00 0.00 0.00 0.00 0.00
 29.80 0.00 52.02 37.47 75.75 0.00 0.00 0.00 0.00 0.00 0.00 1.22 1.99 0.00 0.00 0.00 0.00 0.00 0.00 0.00
 30.00 0.00 52.63 37.61 76.02 0.00 0.00 0.00 0.00 0.00 0.00 3.51 1.93 0.00 0.00 0.00 0.00 0.00 0.00 0.00
 30.20 0.00 53.03 37.52 76.24 0.00 0.00 0.00 0.00 0.00 0.00 5.30 1.89 0.00 0.00 0.00 0.00 0.00 0.00 0.00
 30.40 0.00 53.42 37.48 76.66 0.00 0.00 0.00 0.00 0.00 0.00 1.78 2.00 0.00 0.00 0.00 0.00 0.00 0.00 0.00
 30.60 0.00 53.66 37.48 76.94 0.00 0.00 0.00 0.00 0.00 0.00 -0.65 2.07 0.00 0.00 0.00 0.00 0.00 0.00 0.00
 30.80 0.00 54.18 37.49 77.29 0.00 0.00 0.00 0.00 0.00 0.00 -3.22 2.15 0.00 0.00 0.00 0.00 0.00 0.00 0.00
 31.00 0.00 54.61 37.54 76.84 0.00 0.00 0.00 0.00 0.00 0.00 -0.83 2.07 0.00 0.00 0.00 0.00 0.00 0.00 0.00
 31.20 0.00 54.97 37.64 76.54 0.00 0.00 0.00 0.00 0.00 0.00 0.93 2.01 0.00 0.00 0.00 0.00 0.00 0.00 0.00
 31.40 0.00 55.26 37.74 76.20 0.00 0.00 0.00 0.00 0.00 0.00 1.74 1.98 0.00 0.00 0.00 0.00 0.00 0.00 0.00
 31.60 0.00 55.23 38.10 76.52 0.00 0.00 0.00 0.00 0.00 0.00 2.68 1.95 0.00 0.00 0.00 0.00 0.00 0.00 0.00
 31.80 0.00 55.30 38.35 76.80 0.00 0.00 0.00 0.00 0.00 0.00 2.71 1.94 0.00 0.00 0.00 0.00 0.00 0.00 0.00
 32.00 0.00 55.39 38.55 77.14 0.00 0.00 0.00 0.00 0.00 0.00 4.36 1.88 0.00 0.00 0.00 0.00 0.00 0.00 0.00
 32.20 0.00 55.87 38.42 77.24 0.00 0.00 0.00 0.00 0.00 0.00 -1.00 2.03 0.00 0.00 0.00 0.00 0.00 0.00 0.00
 32.40 0.00 56.27 38.33 77.38 0.00 0.00 0.00 0.00 0.00 0.00 -5.16 2.15 0.00 0.00 0.00 0.00 0.00 0.00 0.00
 32.60 0.00 56.62 38.26 77.45 0.00 0.00 0.00 0.00 0.00 0.00 -8.63 2.25 0.00 0.00 0.00 0.00 0.00 0.00 0.00
 32.80 0.00 56.78 38.35 77.82 0.00 0.00 0.00 0.00 0.00 0.00 -9.74 2.29 0.00 0.00 0.00 0.00 0.00 0.00 0.00
 33.00 0.00 56.92 38.41 78.15 0.00 0.00 0.00 0.00 0.00 0.00 -10.03 2.30 0.00 0.00 0.00 0.00 0.00 0.00 0.00
 33.20 0.00 57.06 38.42 78.37 0.00 0.00 0.00 0.00 0.00 0.00 -12.48 2.37 0.00 0.00 0.00 0.00 0.00 0.00 0.00
 33.40 0.00 57.11 38.49 78.68 0.00 0.00 0.00 0.00 0.00 0.00 -7.62 2.24 0.00 0.00 0.00 0.00 0.00 0.00 0.00
 33.60 0.00 57.18 38.49 78.92 0.00 0.00 0.00 0.00 0.00 0.00 -3.81 2.15 0.00 0.00 0.00 0.00 0.00 0.00 0.00
 33.80 0.00 57.04 38.57 79.07 0.00 0.00 0.00 0.00 0.00 0.00 -1.04 2.08 0.00 0.00 0.00 0.00 0.00 0.00 0.00
 34.00 0.00 57.49 38.17 79.13 0.00 0.00 0.00 0.00 0.00 0.00 0.69 2.05 0.00 0.00 0.00 0.00 0.00 0.00 0.00
 34.20 0.00 57.74 37.85 79.15 0.00 0.00 0.00 0.00 0.00 0.00 0.08 2.08 0.00 0.00 0.00 0.00 0.00 0.00 0.00
 34.40 0.00 58.41 37.53 79.06 0.00 0.00 0.00 0.00 0.00 0.00 -0.45 2.11 0.00 0.00 0.00 0.00 0.00 0.00 0.00
 34.60 0.00 57.58 37.46 78.95 0.00 0.00 0.00 0.00 0.00 0.00 -0.84 2.13 0.00 0.00 0.00 0.00 0.00 0.00 0.00
 34.80 0.00 56.89 37.42 78.34 0.00 0.00 0.00 0.00 0.00 0.00 -1.31 2.13 0.00 0.00 0.00 0.00 0.00 0.00 0.00
 35.00 0.00 56.34 37.41 77.81 0.00 0.00 0.00 0.00 0.00 0.00 -1.60 2.12 0.00 0.00 0.00 0.00 0.00 0.00 0.00
 35.20 0.00 55.88 37.42 77.39 0.00 0.00 0.00 0.00 0.00 0.00 -2.93 2.15 0.00 0.00 0.00 0.00 0.00 0.00 0.00
 35.40 0.00 55.79 37.47 76.92 0.00 0.00 0.00 0.00 0.00 0.00 -1.27 2.09 0.00 0.00 0.00 0.00 0.00 0.00 0.00
 35.60 0.00 55.72 37.55 76.55 0.00 0.00 0.00 0.00 0.00 0.00 -0.24 2.05 0.00 0.00 0.00 0.00 0.00 0.00 0.00
 35.80 0.00 55.52 37.58 76.28 0.00 0.00 0.00 0.00 0.00 0.00 0.16 2.02 0.00 0.00 0.00 0.00 0.00 0.00 0.00
 36.00 0.00 55.70 37.77 76.05 0.00 0.00 0.00 0.00 0.00 0.00 0.89 1.99 0.00 0.00 0.00 0.00 0.00 0.00 0.00
 36.20 0.00 55.81 37.95 76.16 0.00 0.00 0.00 0.00 0.00 0.00 -3.13 2.09 0.00 0.00 0.00 0.00 0.00 0.00 0.00
 36.40 0.00 55.86 38.11 76.25 0.00 0.00 0.00 0.00 0.00 0.00 -5.66 2.15 0.00 0.00 0.00 0.00 0.00 0.00 0.00
 36.60 0.00 55.88 38.27 76.39 0.00 0.00 0.00 0.00 0.00 0.00 -10.75 2.28 0.00 0.00 0.00 0.00 0.00 0.00 0.00
 36.80 0.00 55.62 38.36 76.33 0.00 0.00 0.00 0.00 0.00 0.00 -4.95 2.12 0.00 0.00 0.00 0.00 0.00 0.00 0.00
 37.00 0.00 55.41 38.47 76.31 0.00 0.00 0.00 0.00 0.00 0.00 -0.53 2.00 0.00 0.00 0.00 0.00 0.00 0.00 0.00
 37.20 0.00 55.13 38.41 76.32 0.00 0.00 0.00 0.00 0.00 0.00 2.53 1.92 0.00 0.00 0.00 0.00 0.00 0.00 0.00
 37.40 0.00 55.15 38.80 76.35 0.00 0.00 0.00 0.00 0.00 0.00 4.35 1.86 0.00 0.00 0.00 0.00 0.00 0.00 0.00
 37.60 0.00 55.13 39.06 76.46 0.00 0.00 0.00 0.00 0.00 0.00 2.89 1.89 0.00 0.00 0.00 0.00 0.00 0.00 0.00
 37.80 0.00 55.37 39.59 76.57 0.00 0.00 0.00 0.00 0.00 0.00 1.55 1.92 0.00 0.00 0.00 0.00 0.00 0.00 0.00
 38.00 0.00 54.91 39.13 76.66 0.00 0.00 0.00 0.00 0.00 0.00 0.92 1.92 0.00 0.00 0.00 0.00 0.00 0.00 0.00
 38.20 0.00 54.57 38.76 76.79 0.00 0.00 0.00 0.00 0.00 0.00 -1.58 2.01 0.00 0.00 0.00 0.00 0.00 0.00 0.00
 38.40 0.00 54.35 38.45 76.90 0.00 0.00 0.00 0.00 0.00 0.00 -3.04 2.07 0.00 0.00 0.00 0.00 0.00 0.00 0.00
 38.60 0.00 54.18 38.19 77.01 0.00 0.00 0.00 0.00 0.00 0.00 -6.49 2.19 0.00 0.00 0.00 0.00 0.00 0.00 0.00
 38.80 0.00 54.48 38.16 77.06 0.00 0.00 0.00 0.00 0.00 0.00 -1.88 2.07 0.00 0.00 0.00 0.00 0.00 0.00 0.00
 39.00 0.00 54.70 38.12 77.09 0.00 0.00 0.00 0.00 0.00 0.00 1.64 1.98 0.00 0.00 0.00 0.00 0.00 0.00 0.00
 39.20 0.00 54.94 38.06 77.13 0.00 0.00 0.00 0.00 0.00 0.00 4.07 1.92 0.00 0.00 0.00 0.00 0.00 0.00 0.00
 39.40 0.00 54.86 38.01 77.15 0.00 0.00 0.00 0.00 0.00 0.00 5.47 1.88 0.00 0.00 0.00 0.00 0.00 0.00 0.00
 39.60 0.00 54.79 37.96 77.08 0.00 0.00 0.00 0.00 0.00 0.00 4.62 1.91 0.00 0.00 0.00 0.00 0.00 0.00 0.00
 39.80 0.00 54.73 37.88 77.07 0.00 0.00 0.00 0.00 0.00 0.00 3.54 1.94 0.00 0.00 0.00 0.00 0.00 0.00 0.00
 40.00 0.00 54.67 37.79 77.11 0.00 0.00 0.00 0.00 0.00 0.00 3.29 1.94 0.00 0.00 0.00 0.00 0.00 0.00 0.00
 40.20 0.00 54.54 37.49 77.26 0.00 0.00 0.00 0.00 0.00 0.00 -0.26 2.06 0.00 0.00 0.00 0.00 0.00 0.00 0.00
 40.40 0.00 54.49 37.32 77.45 0.00 0.00 0.00 0.00 0.00 0.00 -2.86 2.15 0.00 0.00 0.00 0.00 0.00 0.00 0.00
 40.60 0.00 54.14 36.89 77.71 0.00 0.00 0.00 0.00 0.00 0.00 -4.51 2.21 0.00 0.00 0.00 0.00 0.00 0.00 0.00
 40.80 0.00 54.87 37.57 78.03 0.00 0.00 0.00 0.00 0.00 0.00 -5.21 2.23 0.00 0.00 0.00 0.00 0.00 0.00 0.00
 41.00 0.00 55.30 38.02 78.89 0.00 0.00 0.00 0.00 0.00 0.00 -4.01 2.19 0.00 0.00 0.00 0.00 0.00 0.00 0.00
 41.20 0.00 56.60 38.91 79.40 0.00 0.00 0.00 0.00 0.00 0.00 -2.64 2.15 0.00 0.00 0.00 0.00 0.00 0.00 0.00
 41.40 0.00 55.21 38.24 80.04 0.00 0.00 0.00 0.00 0.00 0.00 -1.38 2.11 0.00 0.00 0.00 0.00 0.00 0.00 0.00
 41.60 0.00 54.11 37.69 78.86 0.00 0.00 0.00 0.00 0.00 0.00 0.91 2.05 0.00 0.00 0.00 0.00 0.00 0.00 0.00
 41.80 0.00 53.29 37.24 77.99 0.00 0.00 0.00 0.00 0.00 0.00 2.98 2.00 0.00 0.00 0.00 0.00 0.00 0.00 0.00
 42.00 0.00 52.65 36.86 76.96 0.00 0.00 0.00 0.00 0.00 0.00 4.08 1.98 0.00 0.00 0.00 0.00 0.00 0.00 0.00
 42.20 0.00 52.84 36.79 77.34 0.00 0.00 0.00 0.00 0.00 0.00 6.81 1.92 0.00 0.00 0.00 0.00 0.00 0.00 0.00
 42.40 0.00 52.98 36.71 77.67 0.00 0.00 0.00 0.00 0.00 0.00 8.73 1.88 0.00 0.00 0.00 0.00 0.00 0.00 0.00
 42.60 0.00 53.19 36.71 78.20 0.00 0.00 0.00 0.00 0.00 0.00 11.30 1.81 0.00 0.00 0.00 0.00 0.00 0.00 0.00
 42.80 0.00 52.98 36.41 78.12 0.00 0.00 0.00 0.00 0.00 0.00 9.97 1.87 0.00 0.00 0.00 0.00 0.00 0.00 0.00
 43.00 0.00 52.88 36.21 78.14 0.00 0.00 0.00 0.00 0.00 0.00 8.64 1.92 0.00 0.00 0.00 0.00 0.00 0.00 0.00
 43.20 0.00 52.75 36.02 78.24 0.00 0.00 0.00 0.00 0.00 0.00 7.30 1.96 0.00 0.00 0.00 0.00 0.00 0.00 0.00
 43.40 0.00 53.09 36.20 78.41 0.00 0.00 0.00 0.00 0.00 0.00 5.89 2.01 0.00 0.00 0.00 0.00 0.00 0.00 0.00
 43.60 0.00 53.42 36.41 78.88 0.00 0.00 0.00 0.00 0.00 0.00 5.27 2.03 0.00 0.00 0.00 0.00 0.00 0.00 0.00
 43.80 0.00 53.54 36.57 79.27 0.00 0.00 0.00 0.00 0.00 0.00 4.01 2.06 0.00 0.00 0.00 0.00 0.00 0.00 0.00
 44.00 0.00 54.07 36.90 79.58 0.00 0.00 0.00 0.00 0.00 0.00 2.97 2.08 0.00 0.00 0.00 0.00 0.00 0.00 0.00
 44.20 0.00 54.48 37.22 79.82 0.00 0.00 0.00 0.00 0.00 0.00 -1.85 2.20 0.00 0.00 0.00 0.00 0.00 0.00 0.00
 44.40 0.00 54.78 37.51 79.97 0.00 0.00 0.00 0.00 0.00 0.00 -5.74 2.29 0.00 0.00 0.00 0.00 0.00 0.00 0.00
 44.60 0.00 55.00 37.75 80.12 0.00 0.00 0.00 0.00 0.00 0.00 -8.85 2.37 0.00 0.00 0.00 0.00 0.00 0.00 0.00
 44.80 0.00 54.81 38.16 80.00 0.00 0.00 0.00 0.00 0.00 0.00 -10.60 2.38 0.00 0.00 0.00 0.00 0.00 0.00 0.00
 45.00 0.00 54.69 38.43 79.87 0.00 0.00 0.00 0.00 0.00 0.00 -11.55 2.39 0.00 0.00 0.00 0.00 0.00 0.00 0.00
 45.20 0.00 54.55 38.71 79.81 0.00 0.00 0.00 0.00 0.00 0.00 -14.20 2.42 0.00 0.00 0.00 0.00 0.00 0.00 0.00
 45.40 0.00 54.68 38.52 79.54 0.00 0.00 0.00 0.00 0.00 0.00 -10.96 2.34 0.00 0.00 0.00 0.00 0.00 0.00 0.00
 45.60 0.00 54.78 38.34 79.30 0.00 0.00 0.00 0.00 0.00 0.00 -8.17 2.28 0.00 0.00 0.00 0.00 0.00 0.00 0.00
 45.80 0.00 55.13 38.24 79.09 0.00 0.00 0.00 0.00 0.00 0.00 -5.82 2.22 0.00 0.00 0.00 0.00 0.00 0.00 0.00
 46.00 0.00 54.90 37.97 78.91 0.00 0.00 0.00 0.00 0.00 0.00 -3.61 2.17 0.00 0.00 0.00 0.00 0.00 0.00 0.00
 46.20 0.00 54.80 37.75 78.74 0.00 0.00 0.00 0.00 0.00 0.00 -3.08 2.16 0.00 0.00 0.00 0.00 0.00 0.00 0.00
 46.40 0.00 54.86 37.47 78.60 0.00 0.00 0.00 0.00 0.00 0.00 -2.30 2.15 0.00 0.00 0.00 0.00 0.00 0.00 0.00
 46.60 0.00 55.05 37.48 78.39 0.00 0.00 0.00 0.00 0.00 0.00 -2.41 2.16 0.00 0.00 0.00 0.00 0.00 0.00 0.00
 46.80 0.00 55.77 37.48 78.58 0.00 0.00 0.00 0.00 0.00 0.00 1.01 2.07 0.00 0.00 0.00 0.00 0.00 0.00 0.00
 47.00 0.00 56.26 37.47 78.65 0.00 0.00 0.00 0.00 0.00 0.00 3.25 2.01 0.00 0.00 0.00 0.00 0.00 0.00 0.00
 47.20 0.00 56.55 37.46 78.69 0.00 0.00 0.00 0.00 0.00 0.00 6.44 1.93 0.00 0.00 0.00 0.00 0.00 0.00 0.00
 47.40 0.00 56.37 37.45 78.43 0.00 0.00 0.00 0.00 0.00 0.00 2.95 2.02 0.00 0.00 0.00 0.00 0.00 0.00 0.00
 47.60 0.00 56.14 37.42 78.14 0.00 0.00 0.00 0.00 0.00 0.00 0.33 2.08 0.00 0.00 0.00 0.00 0.00 0.00 0.00
 47.80 0.00 55.97 37.39 78.04 0.00 0.00 0.00 0.00 0.00 0.00 -4.70 2.21 0.00 0.00 0.00 0.00 0.00 0.00 0.00
 48.00 0.00 55.36 37.35 77.37 0.00 0.00 0.00 0.00 0.00 0.00 -1.44 2.11 0.00 0.00 0.00 0.00 0.00 0.00 0.00
 48.20 0.00 54.90 37.29 76.82 0.00 0.00 0.00 0.00 0.00 0.00 0.54 2.04 0.00 0.00 0.00 0.00 0.00 0.00 0.00
 48.40 0.00 54.27 37.30 76.38 0.00 0.00 0.00 0.00 0.00 0.00 1.22 2.02 0.00 0.00 0.00 0.00 0.00 0.00 0.00
 48.60 0.00 54.56 37.09 76.03 0.00 0.00 0.00 0.00 0.00 0.00 0.89 2.02 0.00 0.00 0.00 0.00 0.00 0.00 0.00
 48.80 0.00 54.73 36.93 76.03 0.00 0.00 0.00 0.00 0.00 0.00 -5.11 2.19 0.00 0.00 0.00 0.00 0.00 0.00 0.00
 49.00 0.00 55.17 36.82 75.97 0.00 0.00 0.00 0.00 0.00 0.00 -9.13 2.31 0.00 0.00 0.00 0.00 0.00 0.00 0.00
 49.20 0.00 54.68 36.77 75.95 0.00 0.00 0.00 0.00 0.00 0.00 -13.61 2.44 0.00 0.00 0.00 0.00 0.00 0.00 0.00
 49.40 0.00 54.27 36.82 75.58 0.00 0.00 0.00 0.00 0.00 0.00 -8.98 2.30 0.00 0.00 0.00 0.00 0.00 0.00 0.00
 49.60 0.00 53.92 36.88 75.27 0.00 0.00 0.00 0.00 0.00 0.00 -5.20 2.18 0.00 0.00 0.00 0.00 0.00 0.00 0.00
 49.80 0.00 53.63 37.00 75.09 0.00 0.00 0.00 0.00 0.00 0.00 -1.54 2.07 0.00 0.00 0.00 0.00 0.00 0.00 0.00
 50.00 0.00 53.48 37.05 74.78 0.00 0.00 0.00 0.00 0.00 0.00 -0.26 2.03 0.00 0.00 0.00 0.00 0.00 0.00 0.00
 50.20 0.00 53.38 37.15 74.58 0.00 0.00 0.00 0.00 0.00 0.00 0.57 2.00 0.00 0.00 0.00 0.00 0.00 0.00 0.00
 50.40 0.00 53.21 37.17 74.48 0.00 0.00 0.00 0.00 0.00 0.00 0.96 1.97 0.00 0.00 0.00 0.00 0.00 0.00 0.00
 50.60 0.00 53.29 37.58 74.43 0.00 0.00 0.00 0.00 0.00 0.00 1.02 1.96 0.00 0.00 0.00 0.00 0.00 0.00 0.00
 50.80 0.00 53.34 37.95 74.77 0.00 0.00 0.00 0.00 0.00 0.00 0.09 1.98 0.00 0.00 0.00 0.00 0.00 0.00 0.00
 51.00 0.00 53.37 38.29 75.05 0.00 0.00 0.00 0.00 0.00 0.00 -0.97 1.99 0.00 0.00 0.00 0.00 0.00 0.00 0.00
 51.20 0.00 53.40 38.57 75.43 0.00 0.00 0.00 0.00 0.00 0.00 -0.92 1.99 0.00 0.00 0.00 0.00 0.00 0.00 0.00
 51.40 0.00 53.15 39.02 75.32 0.00 0.00 0.00 0.00 0.00 0.00 -4.23 2.05 0.00 0.00 0.00 0.00 0.00 0.00 0.00
 51.60 0.00 53.06 39.31 75.31 0.00 0.00 0.00 0.00 0.00 0.00 -6.50 2.09 0.00 0.00 0.00 0.00 0.00 0.00 0.00
 51.80 0.00 52.95 39.58 75.17 0.00 0.00 0.00 0.00 0.00 0.00 -9.86 2.14 0.00 0.00 0.00 0.00 0.00 0.00 0.00
 52.00 0.00 53.55 39.24 75.58 0.00 0.00 0.00 0.00 0.00 0.00 -7.63 2.11 0.00 0.00 0.00 0.00 0.00 0.00 0.00
 52.20 0.00 54.07 38.94 75.96 0.00 0.00 0.00 0.00 0.00 0.00 -5.60 2.09 0.00 0.00 0.00 0.00 0.00 0.00 0.00
 52.40 0.00 54.41 38.69 76.30 0.00 0.00 0.00 0.00 0.00 0.00 -3.77 2.06 0.00 0.00 0.00 0.00 0.00 0.00 0.00
 52.60 0.00 54.89 38.42 76.61 0.00 0.00 0.00 0.00 0.00 0.00 -2.14 2.04 0.00 0.00 0.00 0.00 0.00 0.00 0.00
 52.80 0.00 55.20 38.22 76.93 0.00 0.00 0.00 0.00 0.00 0.00 -0.74 2.03 0.00 0.00 0.00 0.00 0.00 0.00 0.00
 53.00 0.00 55.80 38.00 77.19 0.00 0.00 0.00 0.00 0.00 0.00 0.48 2.01 0.00 0.00 0.00 0.00 0.00 0.00 0.00
 53.20 0.00 55.29 37.96 77.45 0.00 0.00 0.00 0.00 0.00 0.00 1.58 2.00 0.00 0.00 0.00 0.00 0.00 0.00 0.00
 53.40 0.00 54.86 37.94 77.37 0.00 0.00 0.00 0.00 0.00 0.00 2.26 1.98 0.00 0.00 0.00 0.00 0.00 0.00 0.00
 53.60 0.00 54.53 37.94 77.36 0.00 0.00 0.00 0.00 0.00 0.00 2.86 1.96 0.00 0.00 0.00 0.00 0.00 0.00 0.00
 53.80 0.00 54.22 37.93 77.15 0.00 0.00 0.00 0.00 0.00 0.00 3.19 1.95 0.00 0.00 0.00 0.00 0.00 0.00 0.00
 54.00 0.00 54.24 38.06 77.63 0.00 0.00 0.00 0.00 0.00 0.00 3.94 1.94 0.00 0.00 0.00 0.00 0.00 0.00 0.00
 54.20 0.00 54.23 38.14 77.99 0.00 0.00 0.00 0.00 0.00 0.00 4.47 1.93 0.00 0.00 0.00 0.00 0.00 0.00 0.00
 54.40 0.00 54.17 38.03 78.24 0.00 0.00 0.00 0.00 0.00 0.00 4.79 1.92 0.00 0.00 0.00 0.00 0.00 0.00 0.00
 54.60 0.00 54.09 38.26 78.40 0.00 0.00 0.00 0.00 0.00 0.00 4.48 1.94 0.00 0.00 0.00 0.00 0.00 0.00 0.00
 54.80 0.00 53.98 38.34 78.28 0.00 0.00 0.00 0.00 0.00 0.00 6.44 1.87 0.00 0.00 0.00 0.00 0.00 0.00 0.00
 55.00 0.00 53.81 38.26 78.15 0.00 0.00 0.00 0.00 0.00 0.00 6.62 1.86 0.00 0.00 0.00 0.00 0.00 0.00 0.00
 55.20 0.00 53.61 38.07 78.20 0.00 0.00 0.00 0.00 0.00 0.00 9.90 1.76 0.00 0.00 0.00 0.00 0.00 0.00 0.00
 55.40 0.00 53.26 37.23 77.73 0.00 0.00 0.00 0.00 0.00 0.00 -1.93 2.13 0.00 0.00 0.00 0.00 0.00 0.00 0.00
 55.60 0.00 52.95 36.64 77.45 0.00 0.00 0.00 0.00 0.00 0.00 -10.19 2.38 0.00 0.00 0.00 0.00 0.00 0.00 0.00
 55.80 0.00 52.72 36.21 77.13 0.00 0.00 0.00 0.00 0.00 0.00 -21.87 2.74 0.00 0.00 0.00 0.00 0.00 0.00 0.00
 56.00 0.00 52.24 36.52 77.60 0.00 0.00 0.00 0.00 0.00 0.00 -13.21 2.50 0.00 0.00 0.00 0.00 0.00 0.00 0.00
 56.20 0.00 51.96 36.77 78.06 0.00 0.00 0.00 0.00 0.00 0.00 -6.73 2.31 0.00 0.00 0.00 0.00 0.00 0.00 0.00
 56.40 0.00 51.73 36.99 78.41 0.00 0.00 0.00 0.00 0.00 0.00 2.21 2.06 0.00 0.00 0.00 0.00 0.00 0.00 0.00
 56.60 0.00 52.42 37.08 78.99 0.00 0.00 0.00 0.00 0.00 0.00 -1.41 2.17 0.00 0.00 0.00 0.00 0.00 0.00 0.00
 56.80 0.00 52.91 37.16 79.50 0.00 0.00 0.00 0.00 0.00 0.00 -4.03 2.25 0.00 0.00 0.00 0.00 0.00 0.00 0.00
 57.00 0.00 53.49 37.32 80.26 0.00 0.00 0.00 0.00 0.00 0.00 -10.54 2.43 0.00 0.00 0.00 0.00 0.00 0.00 0.00
 57.20 0.00 53.04 37.19 80.25 0.00 0.00 0.00 0.00 0.00 0.00 -5.90 2.31 0.00 0.00 0.00 0.00 0.00 0.00 0.00
 57.40 0.00 52.78 37.17 80.35 0.00 0.00 0.00 0.00 0.00 0.00 -2.91 2.24 0.00 0.00 0.00 0.00 0.00 0.00 0.00
 57.60 0.00 52.43 36.85 80.54 0.00 0.00 0.00 0.00 0.00 0.00 -1.57 2.21 0.00 0.00 0.00 0.00 0.00 0.00 0.00
 57.80 0.00 52.93 37.62 80.76 0.00 0.00 0.00 0.00 0.00 0.00 -1.12 2.20 0.00 0.00 0.00 0.00 0.00 0.00 0.00
 58.00 0.00 53.39 38.14 81.75 0.00 0.00 0.00 0.00 0.00 0.00 -8.66 2.38 0.00 0.00 0.00 0.00 0.00 0.00 0.00
 58.20 0.00 54.16 39.36 82.34 0.00 0.00 0.00 0.00 0.00 0.00 -13.11 2.49 0.00 0.00 0.00 0.00 0.00 0.00 0.00
 58.40 0.00 54.05 38.18 82.93 0.00 0.00 0.00 0.00 0.00 0.00 -16.78 2.58 0.00 0.00 0.00 0.00 0.00 0.00 0.00
 58.60 0.00 54.14 37.41 81.48 0.00 0.00 0.00 0.00 0.00 0.00 -8.00 2.37 0.00 0.00 0.00 0.00 0.00 0.00 0.00
 58.80 0.00 53.81 35.92 80.61 0.00 0.00 0.00 0.00 0.00 0.00 -1.79 2.21 0.00 0.00 0.00 0.00 0.00 0.00 0.00
 59.00 0.00 55.06 37.35 80.01 0.00 0.00 0.00 0.00 0.00 0.00 3.31 2.09 0.00 0.00 0.00 0.00 0.00 0.00 0.00
 59.20 0.00 56.10 38.43 81.35 0.00 0.00 0.00 0.00 0.00 0.00 -0.09 2.14 0.00 0.00 0.00 0.00 0.00 0.00 0.00
 59.40 0.00 57.16 39.98 82.43 0.00 0.00 0.00 0.00 0.00 0.00 -2.34 2.18 0.00 0.00 0.00 0.00 0.00 0.00 0.00
 59.60 0.00 57.44 39.36 83.36 0.00 0.00 0.00 0.00 0.00 0.00 -4.05 2.21 0.00 0.00 0.00 0.00 0.00 0.00 0.00
 59.80 0.00 57.69 38.99 83.43 0.00 0.00 0.00 0.00 0.00 0.00 -0.99 2.16 0.00 0.00 0.00 0.00 0.00 0.00 0.00
 60.00 0.00 57.99 38.35 83.70 0.00 0.00 0.00 0.00 0.00 0.00 0.50 2.14 0.00 0.00 0.00 0.00 0.00 0.00 0.00
 60.20 0.00 58.07 39.29 84.13 0.00 0.00 0.00 0.00 0.00 0.00 0.77 2.14 0.00 0.00 0.00 0.00 0.00 0.00 0.00
 60.40 0.00 58.19 39.98 85.25 0.00 0.00 0.00 0.00 0.00 0.00 -5.73 2.29 0.00 0.00 0.00 0.00 0.00 0.00 0.00
 60.60 0.00 58.16 40.68 86.11 0.00 0.00 0.00 0.00 0.00 0.00 -9.09 2.36 0.00 0.00 0.00 0.00 0.00 0.00 0.00
 60.80 0.00 58.62 40.50 86.69 0.00 0.00 0.00 0.00 0.00 0.00 -9.31 2.37 0.00 0.00 0.00 0.00 0.00 0.00 0.00
 61.00 0.00 58.94 40.34 86.87 0.00 0.00 0.00 0.00 0.00 0.00 -1.18 2.18 0.00 0.00 0.00 0.00 0.00 0.00 0.00
 61.20 0.00 59.25 40.26 86.91 0.00 0.00 0.00 0.00 0.00 0.00 4.89 2.04 0.00 0.00 0.00 0.00 0.00 0.00 0.00
 61.40 0.00 59.09 39.99 86.80 0.00 0.00 0.00 0.00 0.00 0.00 8.92 1.94 0.00 0.00 0.00 0.00 0.00 0.00 0.00
 61.60 0.00 58.92 39.81 86.15 0.00 0.00 0.00 0.00 0.00 0.00 10.14 1.91 0.00 0.00 0.00 0.00 0.00 0.00 0.00
 61.80 0.00 58.85 39.59 85.75 0.00 0.00 0.00 0.00 0.00 0.00 10.07 1.90 0.00 0.00 0.00 0.00 0.00 0.00 0.00
 62.00 0.00 58.51 39.80 85.60 0.00 0.00 0.00 0.00 0.00 0.00 8.72 1.94 0.00 0.00 0.00 0.00 0.00 0.00 0.00
 62.20 0.00 58.26 39.97 86.03 0.00 0.00 0.00 0.00 0.00 0.00 2.60 2.09 0.00 0.00 0.00 0.00 0.00 0.00 0.00
 62.40 0.00 57.90 40.18 86.40 0.00 0.00 0.00 0.00 0.00 0.00 -1.33 2.19 0.00 0.00 0.00 0.00 0.00 0.00 0.00
 62.60 0.00 58.18 40.14 86.72 0.00 0.00 0.00 0.00 0.00 0.00 -3.06 2.24 0.00 0.00 0.00 0.00 0.00 0.00 0.00
 62.80 0.00 58.35 40.14 87.03 0.00 0.00 0.00 0.00 0.00 0.00 0.28 2.16 0.00 0.00 0.00 0.00 0.00 0.00 0.00
 63.00 0.00 58.46 39.98 87.25 0.00 0.00 0.00 0.00 0.00 0.00 3.01 2.10 0.00 0.00 0.00 0.00 0.00 0.00 0.00
 63.20 0.00 58.33 40.39 87.36 0.00 0.00 0.00 0.00 0.00 0.00 5.12 2.04 0.00 0.00 0.00 0.00 0.00 0.00 0.00
 63.40 0.00 58.13 40.65 87.36 0.00 0.00 0.00 0.00 0.00 0.00 6.40 2.00 0.00 0.00 0.00 0.00 0.00 0.00 0.00
 63.60 0.00 57.93 41.05 87.26 0.00 0.00 0.00 0.00 0.00 0.00 7.23 1.96 0.00 0.00 0.00 0.00 0.00 0.00 0.00
 63.80 0.00 57.50 40.66 87.09 0.00 0.00 0.00 0.00 0.00 0.00 7.62 1.95 0.00 0.00 0.00 0.00 0.00 0.00 0.00
 64.00 0.00 57.04 40.31 86.66 0.00 0.00 0.00 0.00 0.00 0.00 7.51 1.96 0.00 0.00 0.00 0.00 0.00 0.00 0.00
 64.20 0.00 56.55 40.01 86.22 0.00 0.00 0.00 0.00 0.00 0.00 6.96 1.97 0.00 0.00 0.00 0.00 0.00 0.00 0.00
 64.40 0.00 56.05 39.75 85.72 0.00 0.00 0.00 0.00 0.00 0.00 7.36 1.97 0.00 0.00 0.00 0.00 0.00 0.00 0.00
 64.60 0.00 55.40 39.74 85.38 0.00 0.00 0.00 0.00 0.00 0.00 3.37 2.06 0.00 0.00 0.00 0.00 0.00 0.00 0.00
 64.80 0.00 54.84 39.59 84.96 0.00 0.00 0.00 0.00 0.00 0.00 0.59 2.13 0.00 0.00 0.00 0.00 0.00 0.00 0.00
 65.00 0.00 54.37 39.44 84.83 0.00 0.00 0.00 0.00 0.00 0.00 -4.56 2.24 0.00 0.00 0.00 0.00 0.00 0.00 0.00
 65.20 0.00 54.01 38.46 83.81 0.00 0.00 0.00 0.00 0.00 0.00 -0.19 2.16 0.00 0.00 0.00 0.00 0.00 0.00 0.00
 65.40 0.00 53.73 37.76 82.98 0.00 0.00 0.00 0.00 0.00 0.00 2.75 2.11 0.00 0.00 0.00 0.00 0.00 0.00 0.00
 65.60 0.00 53.42 37.10 81.96 0.00 0.00 0.00 0.00 0.00 0.00 9.10 1.97 0.00 0.00 0.00 0.00 0.00 0.00 0.00
 65.80 0.00 53.46 37.36 81.91 0.00 0.00 0.00 0.00 0.00 0.00 3.98 2.09 0.00 0.00 0.00 0.00 0.00 0.00 0.00
 66.00 0.00 53.46 37.59 81.84 0.00 0.00 0.00 0.00 0.00 0.00 0.09 2.18 0.00 0.00 0.00 0.00 0.00 0.00 0.00
 66.20 0.00 53.63 37.74 81.74 0.00 0.00 0.00 0.00 0.00 0.00 -2.58 2.24 0.00 0.00 0.00 0.00 0.00 0.00 0.00
 66.40 0.00 53.22 38.00 81.63 0.00 0.00 0.00 0.00 0.00 0.00 -4.18 2.26 0.00 0.00 0.00 0.00 0.00 0.00 0.00
 66.60 0.00 52.96 38.18 81.50 0.00 0.00 0.00 0.00 0.00 0.00 -2.19 2.20 0.00 0.00 0.00 0.00 0.00 0.00 0.00
 66.80 0.00 52.21 38.33 81.35 0.00 0.00 0.00 0.00 0.00 0.00 -0.94 2.15 0.00 0.00 0.00 0.00 0.00 0.00 0.00
 67.00 0.00 53.04 38.30 81.17 0.00 0.00 0.00 0.00 0.00 0.00 0.08 2.12 0.00 0.00 0.00 0.00 0.00 0.00 0.00
 67.20 0.00 53.58 38.23 80.99 0.00 0.00 0.00 0.00 0.00 0.00 -2.16 2.17 0.00 0.00 0.00 0.00 0.00 0.00 0.00
 67.40 0.00 54.71 38.37 80.76 0.00 0.00 0.00 0.00 0.00 0.00 -3.61 2.21 0.00 0.00 0.00 0.00 0.00 0.00 0.00
 67.60 0.00 53.80 37.91 80.52 0.00 0.00 0.00 0.00 0.00 0.00 -4.84 2.24 0.00 0.00 0.00 0.00 0.00 0.00 0.00
 67.80 0.00 53.05 37.54 80.14 0.00 0.00 0.00 0.00 0.00 0.00 -3.61 2.22 0.00 0.00 0.00 0.00 0.00 0.00 0.00
 68.00 0.00 52.46 37.26 79.76 0.00 0.00 0.00 0.00 0.00 0.00 -2.37 2.20 0.00 0.00 0.00 0.00 0.00 0.00 0.00
 68.20 0.00 51.98 37.06 79.35 0.00 0.00 0.00 0.00 0.00 0.00 -2.59 2.21 0.00 0.00 0.00 0.00 0.00 0.00 0.00
 68.40 0.00 52.06 37.11 78.99 0.00 0.00 0.00 0.00 0.00 0.00 1.02 2.10 0.00 0.00 0.00 0.00 0.00 0.00 0.00
 68.60 0.00 51.99 37.11 78.60 0.00 0.00 0.00 0.00 0.00 0.00 3.15 2.03 0.00 0.00 0.00 0.00 0.00 0.00 0.00
 68.80 0.00 51.85 37.07 78.49 0.00 0.00 0.00 0.00 0.00 0.00 6.48 1.94 0.00 0.00 0.00 0.00 0.00 0.00 0.00
 69.00 0.00 51.03 36.87 77.56 0.00 0.00 0.00 0.00 0.00 0.00 1.70 2.05 0.00 0.00 0.00 0.00 0.00 0.00 0.00
 69.20 0.00 50.42 36.69 76.90 0.00 0.00 0.00 0.00 0.00 0.00 -2.09 2.15 0.00 0.00 0.00 0.00 0.00 0.00 0.00
 69.40 0.00 49.99 36.55 76.27 0.00 0.00 0.00 0.00 0.00 0.00 -3.84 2.18 0.00 0.00 0.00 0.00 0.00 0.00 0.00
 69.60 0.00 50.06 36.23 76.43 0.00 0.00 0.00 0.00 0.00 0.00 -7.15 2.30 0.00 0.00 0.00 0.00 0.00 0.00 0.00
 69.80 0.00 50.14 36.07 76.64 0.00 0.00 0.00 0.00 0.00 0.00 -8.47 2.36 0.00 0.00 0.00 0.00 0.00 0.00 0.00
 70.00 0.00 50.22 36.04 76.73 0.00 0.00 0.00 0.00 0.00 0.00 -12.26 2.48 0.00 0.00 0.00 0.00 0.00 0.00 0.00
 70.20 0.00 50.36 36.46 77.35 0.00 0.00 0.00 0.00 0.00 0.00 -2.02 2.19 0.00 0.00 0.00 0.00 0.00 0.00 0.00
 70.40 0.00 50.41 37.18 77.81 0.00 0.00 0.00 0.00 0.00 0.00 4.96 1.99 0.00 0.00 0.00 0.00 0.00 0.00 0.00
 70.60 0.00 50.54 36.93 78.29 0.00 0.00 0.00 0.00 0.00 0.00 11.93 1.79 0.00 0.00 0.00 0.00 0.00 0.00 0.00
 70.80 0.00 50.61 36.80 78.08 0.00 0.00 0.00 0.00 0.00 0.00 5.79 1.96 0.00 0.00 0.00 0.00 0.00 0.00 0.00
 71.00 0.00 50.74 36.30 77.98 0.00 0.00 0.00 0.00 0.00 0.00 1.38 2.08 0.00 0.00 0.00 0.00 0.00 0.00 0.00
 71.20 0.00 50.52 36.98 77.94 0.00 0.00 0.00 0.00 0.00 0.00 -1.78 2.17 0.00 0.00 0.00 0.00 0.00 0.00 0.00
 71.40 0.00 50.33 37.46 78.21 0.00 0.00 0.00 0.00 0.00 0.00 -1.21 2.13 0.00 0.00 0.00 0.00 0.00 0.00 0.00
 71.60 0.00 50.22 38.12 78.46 0.00 0.00 0.00 0.00 0.00 0.00 -0.12 2.09 0.00 0.00 0.00 0.00 0.00 0.00 0.00
 71.80 0.00 49.99 37.69 78.69 0.00 0.00 0.00 0.00 0.00 0.00 0.34 2.07 0.00 0.00 0.00 0.00 0.00 0.00 0.00
 72.00 0.00 49.82 37.34 78.85 0.00 0.00 0.00 0.00 0.00 0.00 6.61 1.93 0.00 0.00 0.00 0.00 0.00 0.00 0.00
 72.20 0.00 49.54 37.04 79.02 0.00 0.00 0.00 0.00 0.00 0.00 9.82 1.86 0.00 0.00 0.00 0.00 0.00 0.00 0.00
 72.40 0.00 49.75 36.90 79.15 0.00 0.00 0.00 0.00 0.00 0.00 11.42 1.83 0.00 0.00 0.00 0.00 0.00 0.00 0.00
 72.60 0.00 49.89 36.82 79.60 0.00 0.00 0.00 0.00 0.00 0.00 1.56 2.12 0.00 0.00 0.00 0.00 0.00 0.00 0.00
 72.80 0.00 50.26 36.82 79.83 0.00 0.00 0.00 0.00 0.00 0.00 -5.15 2.31 0.00 0.00 0.00 0.00 0.00 0.00 0.00
 73.00 0.00 49.83 36.81 79.95 0.00 0.00 0.00 0.00 0.00 0.00 -9.21 2.42 0.00 0.00 0.00 0.00 0.00 0.00 0.00
 73.20 0.00 49.59 36.87 79.08 0.00 0.00 0.00 0.00 0.00 0.00 -6.18 2.31 0.00 0.00 0.00 0.00 0.00 0.00 0.00
 73.40 0.00 48.99 36.79 78.61 0.00 0.00 0.00 0.00 0.00 0.00 -3.14 2.21 0.00 0.00 0.00 0.00 0.00 0.00 0.00
 73.60 0.00 49.88 37.38 78.44 0.00 0.00 0.00 0.00 0.00 0.00 -0.30 2.12 0.00 0.00 0.00 0.00 0.00 0.00 0.00
 73.80 0.00 50.49 37.84 79.33 0.00 0.00 0.00 0.00 0.00 0.00 4.25 2.00 0.00 0.00 0.00 0.00 0.00 0.00 0.00
 74.00 0.00 51.41 38.47 80.07 0.00 0.00 0.00 0.00 0.00 0.00 7.43 1.91 0.00 0.00 0.00 0.00 0.00 0.00 0.00
 74.20 0.00 50.61 38.21 80.70 0.00 0.00 0.00 0.00 0.00 0.00 9.32 1.86 0.00 0.00 0.00 0.00 0.00 0.00 0.00
 74.40 0.00 50.08 38.10 80.78 0.00 0.00 0.00 0.00 0.00 0.00 9.04 1.88 0.00 0.00 0.00 0.00 0.00 0.00 0.00
 74.60 0.00 49.25 37.58 81.08 0.00 0.00 0.00 0.00 0.00 0.00 8.14 1.92 0.00 0.00 0.00 0.00 0.00 0.00 0.00
 74.80 0.00 50.22 38.70 81.61 0.00 0.00 0.00 0.00 0.00 0.00 6.61 1.96 0.00 0.00 0.00 0.00 0.00 0.00 0.00
 75.00 0.00 50.86 39.39 83.25 0.00 0.00 0.00 0.00 0.00 0.00 2.44 2.06 0.00 0.00 0.00 0.00 0.00 0.00 0.00
 75.20 0.00 51.61 40.29 84.23 0.00 0.00 0.00 0.00 0.00 0.00 -0.32 2.13 0.00 0.00 0.00 0.00 0.00 0.00 0.00
 75.40 0.00 50.96 39.08 84.55 0.00 0.00 0.00 0.00 0.00 0.00 -1.66 2.18 0.00 0.00 0.00 0.00 0.00 0.00 0.00
 75.60 0.00 50.42 38.11 83.52 0.00 0.00 0.00 0.00 0.00 0.00 2.20 2.11 0.00 0.00 0.00 0.00 0.00 0.00 0.00
 75.80 0.00 49.72 37.01 82.33 0.00 0.00 0.00 0.00 0.00 0.00 15.22 1.82 0.00 0.00 0.00 0.00 0.00 0.00 0.00
 76.00 0.00 49.89 37.14 81.67 0.00 0.00 0.00 0.00 0.00 0.00 2.06 2.15 0.00 0.00 0.00 0.00 0.00 0.00 0.00
 76.20 0.00 49.85 37.09 80.97 0.00 0.00 0.00 0.00 0.00 0.00 -7.29 2.38 0.00 0.00 0.00 0.00 0.00 0.00 0.00
 76.40 0.00 49.98 37.21 80.93 0.00 0.00 0.00 0.00 0.00 0.00 -23.03 2.77 0.00 0.00 0.00 0.00 0.00 0.00 0.00
 76.60 0.00 48.82 36.06 79.35 0.00 0.00 0.00 0.00 0.00 0.00 -13.72 2.55 0.00 0.00 0.00 0.00 0.00 0.00 0.00
 76.80 0.00 47.94 35.22 78.13 0.00 0.00 0.00 0.00 0.00 0.00 -6.57 2.38 0.00 0.00 0.00 0.00 0.00 0.00 0.00
 77.00 0.00 47.24 34.46 76.53 0.00 0.00 0.00 0.00 0.00 0.00 2.13 2.17 0.00 0.00 0.00 0.00 0.00 0.00 0.00
 77.20 0.00 47.23 34.72 76.94 0.00 0.00 0.00 0.00 0.00 0.00 0.62 2.21 0.00 0.00 0.00 0.00 0.00 0.00 0.00
 77.40 0.00 47.29 34.88 77.20 0.00 0.00 0.00 0.00 0.00 0.00 -0.48 2.23 0.00 0.00 0.00 0.00 0.00 0.00 0.00
 77.60 0.00 47.40 34.96 77.57 0.00 0.00 0.00 0.00 0.00 0.00 -0.81 2.24 0.00 0.00 0.00 0.00 0.00 0.00 0.00
 77.80 0.00 47.74 34.85 77.12 0.00 0.00 0.00 0.00 0.00 0.00 -1.60 2.26 0.00 0.00 0.00 0.00 0.00 0.00 0.00
 78.00 0.00 48.02 34.79 76.77 0.00 0.00 0.00 0.00 0.00 0.00 -1.64 2.25 0.00 0.00 0.00 0.00 0.00 0.00 0.00
 78.20 0.00 48.26 34.57 76.85 0.00 0.00 0.00 0.00 0.00 0.00 -4.13 2.34 0.00 0.00 0.00 0.00 0.00 0.00 0.00
 78.40 0.00 48.37 34.38 76.12 0.00 0.00 0.00 0.00 0.00 0.00 3.27 2.11 0.00 0.00 0.00 0.00 0.00 0.00 0.00
 78.60 0.00 48.17 34.20 75.93 0.00 0.00 0.00 0.00 0.00 0.00 7.04 2.01 0.00 0.00 0.00 0.00 0.00 0.00 0.00
 78.80 0.00 48.72 34.07 75.67 0.00 0.00 0.00 0.00 0.00 0.00 10.79 1.90 0.00 0.00 0.00 0.00 0.00 0.00 0.00
 79.00 0.00 49.05 33.96 78.38 0.00 0.00 0.00 0.00 0.00 0.00 -3.59 2.41 0.00 0.00 0.00 0.00 0.00 0.00 0.00
 79.20 0.00 49.16 33.80 80.01 0.00 0.00 0.00 0.00 0.00 0.00 -11.95 2.71 0.00 0.00 0.00 0.00 0.00 0.00 0.00
 79.40 0.00 49.12 33.85 80.55 0.00 0.00 0.00 0.00 0.00 0.00 -14.28 2.80 0.00 0.00 0.00 0.00 0.00 0.00 0.00
 79.60 0.00 48.85 33.83 79.02 0.00 0.00 0.00 0.00 0.00 0.00 -2.58 2.41 0.00 0.00 0.00 0.00 0.00 0.00 0.00
 79.80 0.00 48.66 33.84 78.27 0.00 0.00 0.00 0.00 0.00 0.00 7.50 2.08 0.00 0.00 0.00 0.00 0.00 0.00 0.00
 80.00 0.00 47.10 33.47 75.96 0.00 0.00 0.00 0.00 0.00 0.00 10.10 1.96 0.00 0.00 0.00 0.00 0.00 0.00 0.00
 80.20 0.00 46.00 33.22 74.29 0.00 0.00 0.00 0.00 0.00 0.00 10.76 1.91 0.00 0.00 0.00 0.00 0.00 0.00 0.00
 80.40 0.00 45.28 33.14 72.46 0.00 0.00 0.00 0.00 0.00 0.00 12.70 1.79 0.00 0.00 0.00 0.00 0.00 0.00 0.00
 80.60 0.00 45.66 32.93 73.34 0.00 0.00 0.00 0.00 0.00 0.00 4.33 2.09 0.00 0.00 0.00 0.00 0.00 0.00 0.00
 80.80 0.00 44.21 31.89 73.98 0.00 0.00 0.00 0.00 0.00 0.00 -2.46 2.32 0.00 0.00 0.00 0.00 0.00 0.00 0.00
 81.00 0.00 46.28 33.55 74.69 0.00 0.00 0.00 0.00 0.00 0.00 -7.71 2.51 0.00 0.00 0.00 0.00 0.00 0.00 0.00
 81.20 0.00 47.19 34.83 74.22 0.00 0.00 0.00 0.00 0.00 0.00 -11.33 2.49 0.00 0.00 0.00 0.00 0.00 0.00 0.00
 81.40 0.00 49.53 36.27 74.05 0.00 0.00 0.00 0.00 0.00 0.00 -13.42 2.47 0.00 0.00 0.00 0.00 0.00 0.00 0.00
 81.60 0.00 44.58 36.02 74.11 0.00 0.00 0.00 0.00 0.00 0.00 -14.33 2.45 0.00 0.00 0.00 0.00 0.00 0.00 0.00
 81.80 0.00 40.80 35.90 75.07 0.00 0.00 0.00 0.00 0.00 0.00 -10.99 2.39 0.00 0.00 0.00 0.00 0.00 0.00 0.00
 82.00 0.00 37.48 35.85 76.55 0.00 0.00 0.00 0.00 0.00 0.00 -3.86 2.25 0.00 0.00 0.00 0.00 0.00 0.00 0.00
 82.20 0.00 37.52 36.08 76.21 0.00 0.00 0.00 0.00 0.00 0.00 -7.67 2.33 0.00 0.00 0.00 0.00 0.00 0.00 0.00
 82.40 0.00 37.59 36.35 76.14 0.00 0.00 0.00 0.00 0.00 0.00 -9.28 2.36 0.00 0.00 0.00 0.00 0.00 0.00 0.00
 82.60 0.00 37.60 36.63 76.04 0.00 0.00 0.00 0.00 0.00 0.00 -12.63 2.44 0.00 0.00 0.00 0.00 0.00 0.00 0.00
 82.80 0.00 38.17 37.28 76.94 0.00 0.00 0.00 0.00 0.00 0.00 -3.68 2.18 0.00 0.00 0.00 0.00 0.00 0.00 0.00
 83.00 0.00 41.97 38.46 77.79 0.00 0.00 0.00 0.00 0.00 0.00 2.98 2.00 0.00 0.00 0.00 0.00 0.00 0.00 0.00
 83.20 0.00 37.68 37.48 78.47 0.00 0.00 0.00 0.00 0.00 0.00 7.59 1.87 0.00 0.00 0.00 0.00 0.00 0.00 0.00
 83.40 0.00 35.44 36.83 79.51 0.00 0.00 0.00 0.00 0.00 0.00 8.84 1.91 0.00 0.00 0.00 0.00 0.00 0.00 0.00
 83.60 0.00 32.25 35.86 80.66 0.00 0.00 0.00 0.00 0.00 0.00 13.08 2.05 0.00 0.00 0.00 0.00 0.00 0.00 0.00
 83.80 0.00 39.13 37.11 80.38 0.00 0.00 0.00 0.00 0.00 0.00 6.39 2.00 0.00 0.00 0.00 0.00 0.00 0.00 0.00
 84.00 0.00 44.20 37.73 80.05 0.00 0.00 0.00 0.00 0.00 0.00 1.28 2.02 0.00 0.00 0.00 0.00 0.00 0.00 0.00
 84.20 0.00 47.68 37.78 79.79 0.00 0.00 0.00 0.00 0.00 0.00 -2.05 1.91 0.00 0.00 0.00 0.00 0.00 0.00 0.00
 84.40 0.00 47.59 36.36 79.12 0.00 0.00 0.00 0.00 0.00 0.00 -4.40 2.48 0.00 0.00 0.00 0.00 0.00 0.00 0.00
 84.60 0.00 47.47 35.03 78.58 0.00 0.00 0.00 0.00 0.00 0.00 -4.86 2.81 0.00 0.00 0.00 0.00 0.00 0.00 0.00
 84.80 0.00 47.36 34.45 78.18 0.00 0.00 0.00 0.00 0.00 0.00 -3.81 2.94 0.00 0.00 0.00 0.00 0.00 0.00 0.00
 85.00 0.00 47.22 33.96 78.07 0.00 0.00 0.00 0.00 0.00 0.00 3.96 2.45 0.00 0.00 0.00 0.00 0.00 0.00 0.00
 85.20 0.00 47.08 33.50 78.28 0.00 0.00 0.00 0.00 0.00 0.00 13.11 2.06 0.00 0.00 0.00 0.00 0.00 0.00 0.00
 85.40 0.00 46.77 33.39 77.60 0.00 0.00 0.00 0.00 0.00 0.00 6.56 2.07 0.00 0.00 0.00 0.00 0.00 0.00 0.00
 85.60 0.00 46.14 33.77 77.25 0.00 0.00 0.00 0.00 0.00 0.00 1.67 2.17 0.00 0.00 0.00 0.00 0.00 0.00 0.00
 85.80 0.00 46.53 32.70 77.10 0.00 0.00 0.00 0.00 0.00 0.00 -2.12 2.30 0.00 0.00 0.00 0.00 0.00 0.00 0.00
 86.00 0.00 46.68 32.01 78.16 0.00 0.00 0.00 0.00 0.00 0.00 -1.02 2.89 0.00 0.00 0.00 0.00 0.00 0.00 0.00
 86.20 0.00 46.65 31.35 79.29 0.00 0.00 0.00 0.00 0.00 0.00 1.59 3.52 0.00 0.00 0.00 0.00 0.00 0.00 0.00
 86.40 0.00 46.13 32.24 78.85 0.00 0.00 0.00 0.00 0.00 0.00 -3.18 3.26 0.00 0.00 0.00 0.00 0.00 0.00 0.00
 86.60 0.00 45.76 32.93 78.41 0.00 0.00 0.00 0.00 0.00 0.00 -6.77 3.00 0.00 0.00 0.00 0.00 0.00 0.00 0.00
 86.80 0.00 44.82 32.71 78.04 0.00 0.00 0.00 0.00 0.00 0.00 -8.88 2.81 0.00 0.00 0.00 0.00 0.00 0.00 0.00
 87.00 0.00 43.97 32.24 77.45 0.00 0.00 0.00 0.00 0.00 0.00 -10.95 2.33 0.00 0.00 0.00 0.00 0.00 0.00 0.00
 87.20 0.00 43.29 31.88 77.05 0.00 0.00 0.00 0.00 0.00 0.00 -18.05 1.72 0.00 0.00 0.00 0.00 0.00 0.00 0.00
 87.40 0.00 42.41 30.07 76.77 0.00 0.00 0.00 0.00 0.00 0.00 -7.79 2.04 0.00 0.00 0.00 0.00 0.00 0.00 0.00
 87.60 0.00 41.25 28.01 76.68 0.00 0.00 0.00 0.00 0.00 0.00 -0.78 2.32 0.00 0.00 0.00 0.00 0.00 0.00 0.00
 87.80 0.00 41.50 27.95 76.59 0.00 0.00 0.00 0.00 0.00 0.00 6.57 2.50 0.00 0.00 0.00 0.00 0.00 0.00 0.00
 88.00 0.00 41.68 27.93 77.30 0.00 0.00 0.00 0.00 0.00 0.00 -0.92 2.80 0.00 0.00 0.00 0.00 0.00 0.00 0.00
 88.20 0.00 41.79 27.78 77.85 0.00 0.00 0.00 0.00 0.00 0.00 -4.95 2.97 0.00 0.00 0.00 0.00 0.00 0.00 0.00
 88.40 0.00 41.76 28.04 78.26 0.00 0.00 0.00 0.00 0.00 0.00 -5.95 3.02 0.00 0.00 0.00 0.00 0.00 0.00 0.00
 88.60 0.00 41.67 28.17 78.51 0.00 0.00 0.00 0.00 0.00 0.00 2.29 2.71 0.00 0.00 0.00 0.00 0.00 0.00 0.00
 88.80 0.00 41.46 28.19 78.69 0.00 0.00 0.00 0.00 0.00 0.00 10.21 2.43 0.00 0.00 0.00 0.00 0.00 0.00 0.00
 89.00 0.00 41.43 27.95 78.56 0.00 0.00 0.00 0.00 0.00 0.00 11.25 2.40 0.00 0.00 0.00 0.00 0.00 0.00 0.00
 89.20 0.00 41.21 27.65 78.34 0.00 0.00 0.00 0.00 0.00 0.00 11.33 2.41 0.00 0.00 0.00 0.00 0.00 0.00 0.00
 89.40 0.00 40.88 27.31 78.18 0.00 0.00 0.00 0.00 0.00 0.00 12.67 2.28 0.00 0.00 0.00 0.00 0.00 0.00 0.00
 89.60 0.00 39.80 26.61 77.54 0.00 0.00 0.00 0.00 0.00 0.00 7.56 2.64 0.00 0.00 0.00 0.00 0.00 0.00 0.00
 89.80 0.00 38.92 26.04 76.95 0.00 0.00 0.00 0.00 0.00 0.00 3.55 2.88 0.00 0.00 0.00 0.00 0.00 0.00 0.00
 90.00 0.00 38.19 25.62 76.32 0.00 0.00 0.00 0.00 0.00 0.00 -0.54 3.26 0.00 0.00 0.00 0.00 0.00 0.00 0.00
 90.20 0.00 38.09 25.26 75.99 0.00 0.00 0.00 0.00 0.00 0.00 -0.63 2.85 0.00 0.00 0.00 0.00 0.00 0.00 0.00
 90.40 0.00 37.92 25.10 75.63 0.00 0.00 0.00 0.00 0.00 0.00 -0.67 2.56 0.00 0.00 0.00 0.00 0.00 0.00 0.00
 90.60 0.00 37.81 24.95 75.46 0.00 0.00 0.00 0.00 0.00 0.00 1.11 2.07 0.00 0.00 0.00 0.00 0.00 0.00 0.00
 90.80 0.00 37.19 25.63 74.77 0.00 0.00 0.00 0.00 0.00 0.00 -1.02 2.38 0.00 0.00 0.00 0.00 0.00 0.00 0.00
 91.00 0.00 36.73 26.16 74.21 0.00 0.00 0.00 0.00 0.00 0.00 -1.91 2.60 0.00 0.00 0.00 0.00 0.00 0.00 0.00
 91.20 0.00 36.39 26.77 73.73 0.00 0.00 0.00 0.00 0.00 0.00 -7.71 3.03 0.00 0.00 0.00 0.00 0.00 0.00 0.00
 91.40 0.00 36.37 26.58 73.43 0.00 0.00 0.00 0.00 0.00 0.00 0.30 2.74 0.00 0.00 0.00 0.00 0.00 0.00 0.00
 91.60 0.00 36.45 26.51 73.24 0.00 0.00 0.00 0.00 0.00 0.00 6.39 2.52 0.00 0.00 0.00 0.00 0.00 0.00 0.00
 91.80 0.00 36.15 26.18 73.15 0.00 0.00 0.00 0.00 0.00 0.00 10.56 2.36 0.00 0.00 0.00 0.00 0.00 0.00 0.00
 92.00 0.00 37.13 26.98 73.14 0.00 0.00 0.00 0.00 0.00 0.00 13.19 2.25 0.00 0.00 0.00 0.00 0.00 0.00 0.00
 92.20 0.00 37.80 27.55 73.44 0.00 0.00 0.00 0.00 0.00 0.00 10.82 2.29 0.00 0.00 0.00 0.00 0.00 0.00 0.00
 92.40 0.00 38.97 28.47 73.69 0.00 0.00 0.00 0.00 0.00 0.00 8.89 2.33 0.00 0.00 0.00 0.00 0.00 0.00 0.00
 92.60 0.00 37.97 27.88 73.93 0.00 0.00 0.00 0.00 0.00 0.00 6.69 2.39 0.00 0.00 0.00 0.00 0.00 0.00 0.00
 92.80 0.00 37.30 27.48 73.87 0.00 0.00 0.00 0.00 0.00 0.00 8.24 2.38 0.00 0.00 0.00 0.00 0.00 0.00 0.00
 93.00 0.00 36.45 27.03 73.91 0.00 0.00 0.00 0.00 0.00 0.00 7.99 2.41 0.00 0.00 0.00 0.00 0.00 0.00 0.00
 93.20 0.00 37.13 27.31 74.00 0.00 0.00 0.00 0.00 0.00 0.00 6.68 2.48 0.00 0.00 0.00 0.00 0.00 0.00 0.00
 93.40 0.00 37.70 27.59 74.45 0.00 0.00 0.00 0.00 0.00 0.00 -0.56 2.73 0.00 0.00 0.00 0.00 0.00 0.00 0.00
 93.60 0.00 38.25 27.86 74.79 0.00 0.00 0.00 0.00 0.00 0.00 -6.41 2.92 0.00 0.00 0.00 0.00 0.00 0.00 0.00
 93.80 0.00 38.41 28.17 75.00 0.00 0.00 0.00 0.00 0.00 0.00 -10.85 3.06 0.00 0.00 0.00 0.00 0.00 0.00 0.00
 94.00 0.00 38.58 28.47 74.96 0.00 0.00 0.00 0.00 0.00 0.00 -13.64 3.12 0.00 0.00 0.00 0.00 0.00 0.00 0.00
 94.20 0.00 38.73 28.68 75.04 0.00 0.00 0.00 0.00 0.00 0.00 -15.67 3.19 0.00 0.00 0.00 0.00 0.00 0.00 0.00
 94.40 0.00 38.90 29.14 74.94 0.00 0.00 0.00 0.00 0.00 0.00 -15.87 3.13 0.00 0.00 0.00 0.00 0.00 0.00 0.00
 94.60 0.00 39.06 29.43 74.95 0.00 0.00 0.00 0.00 0.00 0.00 -15.24 3.08 0.00 0.00 0.00 0.00 0.00 0.00 0.00
 94.80 0.00 39.20 29.55 75.11 0.00 0.00 0.00 0.00 0.00 0.00 -15.20 3.03 0.00 0.00 0.00 0.00 0.00 0.00 0.00
 95.00 0.00 39.20 29.15 75.24 0.00 0.00 0.00 0.00 0.00 0.00 -10.35 2.92 0.00 0.00 0.00 0.00 0.00 0.00 0.00
 95.20 0.00 39.08 28.38 75.55 0.00 0.00 0.00 0.00 0.00 0.00 -6.59 2.83 0.00 0.00 0.00 0.00 0.00 0.00 0.00
 95.40 0.00 39.67 29.11 75.94 0.00 0.00 0.00 0.00 0.00 0.00 -3.49 2.76 0.00 0.00 0.00 0.00 0.00 0.00 0.00
 95.60 0.00 40.23 29.66 76.86 0.00 0.00 0.00 0.00 0.00 0.00 -3.21 2.72 0.00 0.00 0.00 0.00 0.00 0.00 0.00
 95.80 0.00 40.63 30.31 77.73 0.00 0.00 0.00 0.00 0.00 0.00 -2.94 2.70 0.00 0.00 0.00 0.00 0.00 0.00 0.00
 96.00 0.00 41.28 30.12 78.47 0.00 0.00 0.00 0.00 0.00 0.00 -2.36 2.68 0.00 0.00 0.00 0.00 0.00 0.00 0.00
 96.20 0.00 41.80 29.98 79.61 0.00 0.00 0.00 0.00 0.00 0.00 -3.57 2.77 0.00 0.00 0.00 0.00 0.00 0.00 0.00
 96.40 0.00 42.35 29.88 80.36 0.00 0.00 0.00 0.00 0.00 0.00 -3.44 2.80 0.00 0.00 0.00 0.00 0.00 0.00 0.00
 96.60 0.00 42.37 29.84 80.77 0.00 0.00 0.00 0.00 0.00 0.00 -2.28 2.78 0.00 0.00 0.00 0.00 0.00 0.00 0.00
 96.80 0.00 42.39 29.84 80.02 0.00 0.00 0.00 0.00 0.00 0.00 4.89 2.52 0.00 0.00 0.00 0.00 0.00 0.00 0.00
 97.00 0.00 42.30 29.90 79.57 0.00 0.00 0.00 0.00 0.00 0.00 9.26 2.36 0.00 0.00 0.00 0.00 0.00 0.00 0.00
 97.20 0.00 42.54 29.92 79.37 0.00 0.00 0.00 0.00 0.00 0.00 11.19 2.28 0.00 0.00 0.00 0.00 0.00 0.00 0.00
 97.40 0.00 42.67 30.01 80.08 0.00 0.00 0.00 0.00 0.00 0.00 4.74 2.51 0.00 0.00 0.00 0.00 0.00 0.00 0.00
 97.60 0.00 43.16 29.88 80.57 0.00 0.00 0.00 0.00 0.00 0.00 0.11 2.67 0.00 0.00 0.00 0.00 0.00 0.00 0.00
 97.80 0.00 42.54 30.44 80.95 0.00 0.00 0.00 0.00 0.00 0.00 -3.41 2.79 0.00 0.00 0.00 0.00 0.00 0.00 0.00
 98.00 0.00 42.12 30.88 80.66 0.00 0.00 0.00 0.00 0.00 0.00 -1.68 2.69 0.00 0.00 0.00 0.00 0.00 0.00 0.00
 98.20 0.00 41.90 31.20 80.43 0.00 0.00 0.00 0.00 0.00 0.00 -0.15 2.60 0.00 0.00 0.00 0.00 0.00 0.00 0.00
 98.40 0.00 41.88 31.42 80.12 0.00 0.00 0.00 0.00 0.00 0.00 1.34 2.50 0.00 0.00 0.00 0.00 0.00 0.00 0.00
 98.60 0.00 42.49 31.31 80.28 0.00 0.00 0.00 0.00 0.00 0.00 2.24 2.49 0.00 0.00 0.00 0.00 0.00 0.00 0.00
 98.80 0.00 42.96 31.24 80.35 0.00 0.00 0.00 0.00 0.00 0.00 3.09 2.47 0.00 0.00 0.00 0.00 0.00 0.00 0.00
 99.00 0.00 43.49 31.12 80.34 0.00 0.00 0.00 0.00 0.00 0.00 3.89 2.45 0.00 0.00 0.00 0.00 0.00 0.00 0.00
 99.20 0.00 43.41 31.24 80.25 0.00 0.00 0.00 0.00 0.00 0.00 4.51 2.43 0.00 0.00 0.00 0.00 0.00 0.00 0.00
 99.40 0.00 43.35 31.33 79.94 0.00 0.00 0.00 0.00 0.00 0.00 7.23 2.32 0.00 0.00 0.00 0.00 0.00 0.00 0.00
 99.60 0.00 43.32 31.40 79.63 0.00 0.00 0.00 0.00 0.00 0.00 8.47 2.27 0.00 0.00 0.00 0.00 0.00 0.00 0.00
 99.80 0.00 43.28 31.50 79.33 0.00 0.00 0.00 0.00 0.00 0.00 13.93 2.07 0.00 0.00 0.00 0.00 0.00 0.00 0.00
 100.00 0.00 43.35 31.41 79.01 0.00 0.00 0.00 0.00 0.00 0.00 5.01 2.35 0.00 0.00 0.00 0.00 0.00 0.00 0.00
 100.20 0.00 43.40 31.37 78.69 0.00 0.00 0.00 0.00 0.00 0.00 -2.08 2.57 0.00 0.00 0.00 0.00 0.00 0.00 0.00
 100.40 0.00 43.43 31.36 78.38 0.00 0.00 0.00 0.00 0.00 0.00 -7.34 2.73 0.00 0.00 0.00 0.00 0.00 0.00 0.00
 100.60 0.00 43.47 31.35 78.02 0.00 0.00 0.00 0.00 0.00 0.00 -13.94 2.94 0.00 0.00 0.00 0.00 0.00 0.00 0.00
 100.80 0.00 43.32 31.62 77.79 0.00 0.00 0.00 0.00 0.00 0.00 -10.74 2.81 0.00 0.00 0.00 0.00 0.00 0.00 0.00
 101.00 0.00 43.24 31.81 77.53 0.00 0.00 0.00 0.00 0.00 0.00 -8.06 2.70 0.00 0.00 0.00 0.00 0.00 0.00 0.00
 101.20 0.00 43.22 31.92 77.24 0.00 0.00 0.00 0.00 0.00 0.00 -5.91 2.61 0.00 0.00 0.00 0.00 0.00 0.00 0.00
 101.40 0.00 43.26 31.98 77.12 0.00 0.00 0.00 0.00 0.00 0.00 -3.62 2.51 0.00 0.00 0.00 0.00 0.00 0.00 0.00
 101.60 0.00 43.47 31.57 76.38 0.00 0.00 0.00 0.00 0.00 0.00 -3.64 2.52 0.00 0.00 0.00 0.00 0.00 0.00 0.00
 101.80 0.00 43.68 31.32 75.80 0.00 0.00 0.00 0.00 0.00 0.00 -3.61 2.53 0.00 0.00 0.00 0.00 0.00 0.00 0.00
 102.00 0.00 43.89 31.23 75.37 0.00 0.00 0.00 0.00 0.00 0.00 -3.52 2.52 0.00 0.00 0.00 0.00 0.00 0.00 0.00
 102.20 0.00 44.11 31.27 74.90 0.00 0.00 0.00 0.00 0.00 0.00 -2.90 2.51 0.00 0.00 0.00 0.00 0.00 0.00 0.00
 102.40 0.00 44.25 31.92 75.13 0.00 0.00 0.00 0.00 0.00 0.00 -3.57 2.49 0.00 0.00 0.00 0.00 0.00 0.00 0.00
 102.60 0.00 44.45 32.45 75.34 0.00 0.00 0.00 0.00 0.00 0.00 -3.75 2.46 0.00 0.00 0.00 0.00 0.00 0.00 0.00
 102.80 0.00 44.80 33.54 75.52 0.00 0.00 0.00 0.00 0.00 0.00 -3.44 2.42 0.00 0.00 0.00 0.00 0.00 0.00 0.00
 103.00 0.00 44.99 33.11 75.89 0.00 0.00 0.00 0.00 0.00 0.00 -3.51 2.45 0.00 0.00 0.00 0.00 0.00 0.00 0.00
 103.20 0.00 45.29 32.87 75.57 0.00 0.00 0.00 0.00 0.00 0.00 -0.34 2.23 0.00 0.00 0.00 0.00 0.00 0.00 0.00
 103.40 0.00 45.69 32.84 75.49 0.00 0.00 0.00 0.00 0.00 0.00 2.20 2.11 0.00 0.00 0.00 0.00 0.00 0.00 0.00
 103.60 0.00 46.03 32.79 75.16 0.00 0.00 0.00 0.00 0.00 0.00 1.90 1.65 0.00 0.00 0.00 0.00 0.00 0.00 0.00
 103.80 0.00 46.89 33.54 76.11 0.00 0.00 0.00 0.00 0.00 0.00 5.51 2.15 0.00 0.00 0.00 0.00 0.00 0.00 0.00
 104.00 0.00 47.70 34.25 77.05 0.00 0.00 0.00 0.00 0.00 0.00 7.37 2.54 0.00 0.00 0.00 0.00 0.00 0.00 0.00
 104.20 0.00 48.43 34.88 77.99 0.00 0.00 0.00 0.00 0.00 0.00 7.50 2.80 0.00 0.00 0.00 0.00 0.00 0.00 0.00
 104.40 0.00 49.13 35.60 78.86 0.00 0.00 0.00 0.00 0.00 0.00 7.57 2.98 0.00 0.00 0.00 0.00 0.00 0.00 0.00
 104.60 0.00 49.76 36.26 80.02 0.00 0.00 0.00 0.00 0.00 0.00 -2.14 2.85 0.00 0.00 0.00 0.00 0.00 0.00 0.00
 104.80 0.00 50.22 36.76 80.99 0.00 0.00 0.00 0.00 0.00 0.00 -8.60 2.71 0.00 0.00 0.00 0.00 0.00 0.00 0.00
 105.00 0.00 50.83 37.35 81.85 0.00 0.00 0.00 0.00 0.00 0.00 -15.14 2.61 0.00 0.00 0.00 0.00 0.00 0.00 0.00
 105.20 0.00 51.33 37.83 82.24 0.00 0.00 0.00 0.00 0.00 0.00 -7.27 2.38 0.00 0.00 0.00 0.00 0.00 0.00 0.00
 105.40 0.00 51.70 38.20 82.58 0.00 0.00 0.00 0.00 0.00 0.00 -1.44 2.21 0.00 0.00 0.00 0.00 0.00 0.00 0.00
 105.60 0.00 52.03 38.45 83.03 0.00 0.00 0.00 0.00 0.00 0.00 5.99 2.01 0.00 0.00 0.00 0.00 0.00 0.00 0.00
 105.80 0.00 51.83 38.59 83.03 0.00 0.00 0.00 0.00 0.00 0.00 2.26 2.10 0.00 0.00 0.00 0.00 0.00 0.00 0.00
 106.00 0.00 51.77 38.62 83.11 0.00 0.00 0.00 0.00 0.00 0.00 -0.41 2.16 0.00 0.00 0.00 0.00 0.00 0.00 0.00
 106.20 0.00 51.60 38.64 82.75 0.00 0.00 0.00 0.00 0.00 0.00 -5.19 2.27 0.00 0.00 0.00 0.00 0.00 0.00 0.00
 106.40 0.00 52.28 38.24 83.56 0.00 0.00 0.00 0.00 0.00 0.00 -2.25 2.23 0.00 0.00 0.00 0.00 0.00 0.00 0.00
 106.60 0.00 52.81 37.84 84.19 0.00 0.00 0.00 0.00 0.00 0.00 0.08 2.21 0.00 0.00 0.00 0.00 0.00 0.00 0.00
 106.80 0.00 53.39 37.42 84.62 0.00 0.00 0.00 0.00 0.00 0.00 1.82 2.20 0.00 0.00 0.00 0.00 0.00 0.00 0.00
 107.00 0.00 53.38 37.10 84.90 0.00 0.00 0.00 0.00 0.00 0.00 3.61 2.18 0.00 0.00 0.00 0.00 0.00 0.00 0.00
 107.20 0.00 53.33 36.77 84.79 0.00 0.00 0.00 0.00 0.00 0.00 2.04 2.24 0.00 0.00 0.00 0.00 0.00 0.00 0.00
 107.40 0.00 53.25 36.42 84.59 0.00 0.00 0.00 0.00 0.00 0.00 1.30 2.28 0.00 0.00 0.00 0.00 0.00 0.00 0.00
 107.60 0.00 53.14 36.13 84.48 0.00 0.00 0.00 0.00 0.00 0.00 -2.64 2.40 0.00 0.00 0.00 0.00 0.00 0.00 0.00
 107.80 0.00 53.01 35.57 83.86 0.00 0.00 0.00 0.00 0.00 0.00 3.61 2.24 0.00 0.00 0.00 0.00 0.00 0.00 0.00
 108.00 0.00 52.83 35.13 83.26 0.00 0.00 0.00 0.00 0.00 0.00 8.10 2.13 0.00 0.00 0.00 0.00 0.00 0.00 0.00
 108.20 0.00 52.63 34.79 82.68 0.00 0.00 0.00 0.00 0.00 0.00 10.84 2.05 0.00 0.00 0.00 0.00 0.00 0.00 0.00
 108.40 0.00 52.39 34.57 82.13 0.00 0.00 0.00 0.00 0.00 0.00 14.55 1.96 0.00 0.00 0.00 0.00 0.00 0.00 0.00
 108.60 0.00 51.95 34.70 81.60 0.00 0.00 0.00 0.00 0.00 0.00 8.51 2.11 0.00 0.00 0.00 0.00 0.00 0.00 0.00
 108.80 0.00 51.59 34.78 81.10 0.00 0.00 0.00 0.00 0.00 0.00 3.46 2.23 0.00 0.00 0.00 0.00 0.00 0.00 0.00
 109.00 0.00 51.31 34.83 80.62 0.00 0.00 0.00 0.00 0.00 0.00 -0.60 2.33 0.00 0.00 0.00 0.00 0.00 0.00 0.00
 109.20 0.00 51.10 34.84 80.14 0.00 0.00 0.00 0.00 0.00 0.00 -4.41 2.42 0.00 0.00 0.00 0.00 0.00 0.00 0.00
 109.40 0.00 50.96 34.74 79.76 0.00 0.00 0.00 0.00 0.00 0.00 -4.92 2.43 0.00 0.00 0.00 0.00 0.00 0.00 0.00
 109.60 0.00 50.90 34.65 79.37 0.00 0.00 0.00 0.00 0.00 0.00 -5.26 2.44 0.00 0.00 0.00 0.00 0.00 0.00 0.00
 109.80 0.00 50.91 34.56 78.99 0.00 0.00 0.00 0.00 0.00 0.00 -5.43 2.44 0.00 0.00 0.00 0.00 0.00 0.00 0.00
 110.00 0.00 51.00 34.47 78.76 0.00 0.00 0.00 0.00 0.00 0.00 -5.76 2.44 0.00 0.00 0.00 0.00 0.00 0.00 0.00
 110.20 0.00 51.25 34.24 78.10 0.00 0.00 0.00 0.00 0.00 0.00 -4.96 2.42 0.00 0.00 0.00 0.00 0.00 0.00 0.00
 110.40 0.00 51.52 34.10 77.59 0.00 0.00 0.00 0.00 0.00 0.00 -4.31 2.40 0.00 0.00 0.00 0.00 0.00 0.00 0.00
 110.60 0.00 51.61 34.05 77.22 0.00 0.00 0.00 0.00 0.00 0.00 -3.82 2.38 0.00 0.00 0.00 0.00 0.00 0.00 0.00
 110.80 0.00 52.09 34.10 76.84 0.00 0.00 0.00 0.00 0.00 0.00 -2.63 2.34 0.00 0.00 0.00 0.00 0.00 0.00 0.00
 111.00 0.00 52.51 34.46 77.09 0.00 0.00 0.00 0.00 0.00 0.00 -4.11 2.37 0.00 0.00 0.00 0.00 0.00 0.00 0.00
 111.20 0.00 52.85 34.74 77.31 0.00 0.00 0.00 0.00 0.00 0.00 -4.84 2.37 0.00 0.00 0.00 0.00 0.00 0.00 0.00
 111.40 0.00 53.24 35.00 77.50 0.00 0.00 0.00 0.00 0.00 0.00 -4.81 2.36 0.00 0.00 0.00 0.00 0.00 0.00 0.00
 111.60 0.00 53.30 35.08 77.67 0.00 0.00 0.00 0.00 0.00 0.00 -5.08 2.36 0.00 0.00 0.00 0.00 0.00 0.00 0.00
 111.80 0.00 53.37 35.12 77.81 0.00 0.00 0.00 0.00 0.00 0.00 0.57 2.20 0.00 0.00 0.00 0.00 0.00 0.00 0.00
 112.00 0.00 53.44 35.12 77.93 0.00 0.00 0.00 0.00 0.00 0.00 4.14 2.10 0.00 0.00 0.00 0.00 0.00 0.00 0.00
 112.20 0.00 53.52 35.12 78.05 0.00 0.00 0.00 0.00 0.00 0.00 12.04 1.87 0.00 0.00 0.00 0.00 0.00 0.00 0.00
 112.40 0.00 53.54 34.82 78.10 0.00 0.00 0.00 0.00 0.00 0.00 2.96 2.15 0.00 0.00 0.00 0.00 0.00 0.00 0.00
 112.60 0.00 53.60 34.60 78.14 0.00 0.00 0.00 0.00 0.00 0.00 -3.68 2.36 0.00 0.00 0.00 0.00 0.00 0.00 0.00
 112.80 0.00 53.64 34.40 78.17 0.00 0.00 0.00 0.00 0.00 0.00 -7.89 2.49 0.00 0.00 0.00 0.00 0.00 0.00 0.00
 113.00 0.00 53.83 34.47 78.21 0.00 0.00 0.00 0.00 0.00 0.00 -10.00 2.56 0.00 0.00 0.00 0.00 0.00 0.00 0.00
 113.20 0.00 54.02 34.58 78.01 0.00 0.00 0.00 0.00 0.00 0.00 -4.59 2.39 0.00 0.00 0.00 0.00 0.00 0.00 0.00
 113.40 0.00 54.01 34.67 77.99 0.00 0.00 0.00 0.00 0.00 0.00 -0.71 2.27 0.00 0.00 0.00 0.00 0.00 0.00 0.00
 113.60 0.00 54.39 34.89 77.98 0.00 0.00 0.00 0.00 0.00 0.00 2.82 2.16 0.00 0.00 0.00 0.00 0.00 0.00 0.00
 113.80 0.00 54.66 35.12 78.65 0.00 0.00 0.00 0.00 0.00 0.00 0.90 2.22 0.00 0.00 0.00 0.00 0.00 0.00 0.00
 114.00 0.00 54.82 35.34 79.25 0.00 0.00 0.00 0.00 0.00 0.00 -0.64 2.27 0.00 0.00 0.00 0.00 0.00 0.00 0.00
 114.20 0.00 54.91 35.56 79.74 0.00 0.00 0.00 0.00 0.00 0.00 -1.86 2.31 0.00 0.00 0.00 0.00 0.00 0.00 0.00
 114.40 0.00 54.53 35.89 80.26 0.00 0.00 0.00 0.00 0.00 0.00 -2.61 2.32 0.00 0.00 0.00 0.00 0.00 0.00 0.00
 114.60 0.00 54.30 36.15 80.66 0.00 0.00 0.00 0.00 0.00 0.00 -3.02 2.32 0.00 0.00 0.00 0.00 0.00 0.00 0.00
 114.80 0.00 53.99 36.35 81.07 0.00 0.00 0.00 0.00 0.00 0.00 -3.04 2.32 0.00 0.00 0.00 0.00 0.00 0.00 0.00
 115.00 0.00 54.74 36.45 81.14 0.00 0.00 0.00 0.00 0.00 0.00 -2.87 2.31 0.00 0.00 0.00 0.00 0.00 0.00 0.00
 115.20 0.00 55.19 36.49 81.17 0.00 0.00 0.00 0.00 0.00 0.00 -2.33 2.29 0.00 0.00 0.00 0.00 0.00 0.00 0.00
 115.40 0.00 55.92 36.55 81.39 0.00 0.00 0.00 0.00 0.00 0.00 -6.66 2.41 0.00 0.00 0.00 0.00 0.00 0.00 0.00
 115.60 0.00 54.73 36.33 81.11 0.00 0.00 0.00 0.00 0.00 0.00 0.09 2.22 0.00 0.00 0.00 0.00 0.00 0.00 0.00
 115.80 0.00 53.87 36.14 80.91 0.00 0.00 0.00 0.00 0.00 0.00 4.58 2.11 0.00 0.00 0.00 0.00 0.00 0.00 0.00
 116.00 0.00 52.55 36.18 80.78 0.00 0.00 0.00 0.00 0.00 0.00 6.82 2.05 0.00 0.00 0.00 0.00 0.00 0.00 0.00
 116.20 0.00 53.32 35.76 80.71 0.00 0.00 0.00 0.00 0.00 0.00 8.34 2.01 0.00 0.00 0.00 0.00 0.00 0.00 0.00
 116.40 0.00 53.88 35.50 80.86 0.00 0.00 0.00 0.00 0.00 0.00 0.18 2.27 0.00 0.00 0.00 0.00 0.00 0.00 0.00
 116.60 0.00 54.60 34.91 81.00 0.00 0.00 0.00 0.00 0.00 0.00 -5.63 2.44 0.00 0.00 0.00 0.00 0.00 0.00 0.00
 116.80 0.00 54.34 35.56 81.10 0.00 0.00 0.00 0.00 0.00 0.00 -11.04 2.61 0.00 0.00 0.00 0.00 0.00 0.00 0.00
 117.00 0.00 54.08 36.11 81.29 0.00 0.00 0.00 0.00 0.00 0.00 -7.53 2.48 0.00 0.00 0.00 0.00 0.00 0.00 0.00
 117.20 0.00 53.80 36.53 81.42 0.00 0.00 0.00 0.00 0.00 0.00 -4.92 2.38 0.00 0.00 0.00 0.00 0.00 0.00 0.00
 117.40 0.00 53.52 36.85 81.49 0.00 0.00 0.00 0.00 0.00 0.00 -2.86 2.29 0.00 0.00 0.00 0.00 0.00 0.00 0.00
 117.60 0.00 53.24 37.01 81.55 0.00 0.00 0.00 0.00 0.00 0.00 -2.77 2.28 0.00 0.00 0.00 0.00 0.00 0.00 0.00
 117.80 0.00 52.94 37.10 81.53 0.00 0.00 0.00 0.00 0.00 0.00 -3.13 2.28 0.00 0.00 0.00 0.00 0.00 0.00 0.00
 118.00 0.00 52.66 37.15 81.58 0.00 0.00 0.00 0.00 0.00 0.00 -1.71 2.23 0.00 0.00 0.00 0.00 0.00 0.00 0.00
 118.20 0.00 52.21 36.83 81.23 0.00 0.00 0.00 0.00 0.00 0.00 -6.73 2.38 0.00 0.00 0.00 0.00 0.00 0.00 0.00
 118.40 0.00 51.87 36.67 80.96 0.00 0.00 0.00 0.00 0.00 0.00 -9.74 2.47 0.00 0.00 0.00 0.00 0.00 0.00 0.00
 118.60 0.00 51.65 36.69 80.75 0.00 0.00 0.00 0.00 0.00 0.00 -10.73 2.49 0.00 0.00 0.00 0.00 0.00 0.00 0.00
 118.80 0.00 51.53 36.88 80.61 0.00 0.00 0.00 0.00 0.00 0.00 -9.71 2.46 0.00 0.00 0.00 0.00 0.00 0.00 0.00
 119.00 0.00 51.53 37.25 80.55 0.00 0.00 0.00 0.00 0.00 0.00 -6.68 2.36 0.00 0.00 0.00 0.00 0.00 0.00 0.00
 119.20 0.00 51.64 37.79 80.56 0.00 0.00 0.00 0.00 0.00 0.00 -1.64 2.19 0.00 0.00 0.00 0.00 0.00 0.00 0.00
 119.40 0.00 51.86 38.50 80.63 0.00 0.00 0.00 0.00 0.00 0.00 5.42 1.97 0.00 0.00 0.00 0.00 0.00 0.00 0.00
 119.60 0.00 52.19 39.38 80.78 0.00 0.00 0.00 0.00 0.00 0.00 14.48 1.68 0.00 0.00 0.00 0.00 0.00 0.00 0.00
